wine:6.507529e+06;6.507529e+06;6.507529e+06;6.507529e+06;6.507529e+06;6.507529e+06;6.507529e+06;6.507529e+06;6.507529e+06;6.507529e+06;,K=2
wine:2.962226e+06;2.962226e+06;2.962226e+06;2.962226e+06;2.962226e+06;2.962226e+06;2.962226e+06;2.962226e+06;2.962226e+06;2.962226e+06;,K=3
wine:1.904950e+06;1.904950e+06;1.864777e+06;1.904950e+06;1.904950e+06;1.904950e+06;1.904950e+06;1.904950e+06;1.904950e+06;1.904950e+06;,K=4
wine:1.008776e+06;1.008776e+06;1.008776e+06;1.008776e+06;1.008776e+06;1.008776e+06;1.008776e+06;1.008776e+06;1.008776e+06;1.008776e+06;,K=6
wine:7.345635e+05;7.345635e+05;7.345635e+05;7.345635e+05;7.345635e+05;7.345635e+05;7.345635e+05;7.345635e+05;7.333046e+05;7.345635e+05;,K=7
wine:5.061534e+05;5.061534e+05;5.061534e+05;5.061534e+05;5.061534e+05;5.061534e+05;5.061534e+05;5.061534e+05;5.061534e+05;5.061534e+05;,K=10
wine:4.327903e+05;4.327903e+05;4.327903e+05;4.327903e+05;4.327903e+05;4.327903e+05;4.327903e+05;4.327903e+05;4.327903e+05;4.327903e+05;,K=11
wine:3.601952e+05;3.601952e+05;3.601952e+05;3.601952e+05;3.601952e+05;3.604645e+05;3.601952e+05;3.601952e+05;3.601952e+05;3.601952e+05;,K=13
wine:6.507529e+06;6.507529e+06;6.507529e+06;6.507529e+06;6.507529e+06;6.507529e+06;6.507529e+06;6.507529e+06;6.507529e+06;6.507529e+06;,K=2
wine:2.962226e+06;2.962226e+06;2.962226e+06;2.962226e+06;2.962226e+06;2.872532e+06;2.962226e+06;2.962226e+06;2.962226e+06;2.962226e+06;,K=3
wine:1.904950e+06;1.904950e+06;1.904950e+06;1.904950e+06;1.853024e+06;1.904950e+06;1.904950e+06;1.904950e+06;1.904950e+06;1.904950e+06;,K=4
wine:1.008776e+06;1.008776e+06;1.008776e+06;1.008776e+06;1.008776e+06;1.008776e+06;1.008776e+06;1.008776e+06;1.008776e+06;1.008776e+06;,K=6
wine:7.345635e+05;7.345635e+05;7.345635e+05;7.345635e+05;7.345635e+05;7.345635e+05;7.345635e+05;7.345635e+05;7.345635e+05;7.345635e+05;,K=7
wine:5.061534e+05;5.061534e+05;5.061534e+05;5.061534e+05;5.061534e+05;5.061534e+05;5.061534e+05;5.061534e+05;5.030448e+05;5.061534e+05;,K=10
wine:4.327903e+05;4.327903e+05;4.327903e+05;4.327903e+05;4.327903e+05;4.327903e+05;4.327903e+05;4.327903e+05;4.327903e+05;4.327903e+05;,K=11
wine:3.601952e+05;3.601952e+05;3.601952e+05;3.601952e+05;3.601952e+05;3.601952e+05;3.601952e+05;3.601952e+05;3.601952e+05;3.604645e+05;,K=13
wine:2.764871e+05;2.764871e+05;2.764871e+05;2.764871e+05;2.764871e+05;2.764871e+05;2.764871e+05;2.764871e+05;2.764871e+05;2.764871e+05;,K=15
wine:1.737925e+05;1.738068e+05;1.737925e+05;1.738068e+05;1.705342e+05;1.739490e+05;1.737925e+05;1.737925e+05;1.740725e+05;1.737925e+05;,K=20
wine:6.507529e+06;6.507529e+06;6.507529e+06;6.507529e+06;6.507529e+06;6.507529e+06;6.507529e+06;6.507529e+06;6.507529e+06;6.507529e+06;,K=2
wine:2.962226e+06;2.962226e+06;2.962226e+06;2.962226e+06;2.872532e+06;2.962226e+06;2.962226e+06;2.962226e+06;2.962226e+06;2.962226e+06;,K=3
wine:6.507529e+06;6.507529e+06;6.507529e+06;6.507529e+06;6.507529e+06;6.507529e+06;6.507529e+06;6.507529e+06;6.507529e+06;6.507529e+06;,K=2
wine:2.962226e+06;2.962226e+06;2.962226e+06;2.962226e+06;2.962226e+06;2.962226e+06;2.962226e+06;2.962226e+06;2.962226e+06;2.962226e+06;,K=3
wine:1.895093e+06;1.904950e+06;1.904950e+06;1.904950e+06;1.904950e+06;1.864777e+06;1.904950e+06;1.904950e+06;1.904950e+06;1.904950e+06;,K=4
wine:1.008776e+06;1.008776e+06;9.417729e+05;1.008776e+06;1.008776e+06;1.008776e+06;1.008776e+06;9.571945e+05;1.008776e+06;1.008776e+06;,K=6
wine:7.345635e+05;7.345635e+05;7.345635e+05;7.345635e+05;7.326455e+05;7.345635e+05;7.345635e+05;7.345635e+05;7.345635e+05;7.345635e+05;,K=7
wine:5.061534e+05;5.061534e+05;5.061534e+05;5.061534e+05;5.061534e+05;5.061534e+05;5.061534e+05;5.061534e+05;5.061534e+05;5.061534e+05;,K=10
wine:6.507529e+06;6.507529e+06;6.507529e+06;6.507529e+06;6.507529e+06;6.507529e+06;6.507529e+06;6.507529e+06;6.507529e+06;6.507529e+06;,K=2
wine:2.962226e+06;2.962226e+06;2.962226e+06;2.962226e+06;2.962226e+06;2.962226e+06;2.962226e+06;2.962226e+06;2.962226e+06;2.962226e+06;,K=3
wine:1.904950e+06;1.894070e+06;1.904950e+06;1.904950e+06;1.904950e+06;1.904950e+06;1.904950e+06;1.904950e+06;1.894070e+06;1.904950e+06;,K=4
wine:1.008776e+06;1.008776e+06;1.008776e+06;1.008776e+06;1.008776e+06;1.008776e+06;1.008776e+06;1.008776e+06;1.008776e+06;1.008776e+06;,K=6
wine:7.345635e+05;7.345635e+05;7.345635e+05;7.345635e+05;7.345635e+05;7.345635e+05;7.345635e+05;7.326455e+05;7.345635e+05;7.345635e+05;,K=7
wine:4.994415e+05;5.061534e+05;5.061534e+05;5.061534e+05;5.061534e+05;5.061534e+05;5.061534e+05;5.061534e+05;5.061534e+05;5.061534e+05;,K=10
wine:4.327903e+05;4.327903e+05;4.327903e+05;4.327903e+05;4.327903e+05;4.327903e+05;4.327903e+05;4.327903e+05;4.327903e+05;4.327903e+05;,K=11
wine:3.601952e+05;3.601952e+05;3.601952e+05;3.601952e+05;3.601952e+05;3.601952e+05;3.601952e+05;3.601952e+05;3.601952e+05;3.601952e+05;,K=13
wine:2.764871e+05;2.764871e+05;2.764871e+05;2.764871e+05;2.764871e+05;2.764871e+05;2.764871e+05;2.764871e+05;2.764871e+05;2.764871e+05;,K=15
wine:1.738068e+05;1.737925e+05;1.737925e+05;1.737925e+05;1.737925e+05;1.737925e+05;1.737925e+05;1.737925e+05;1.737925e+05;1.737925e+05;,K=20
wine:6.507529e+06;6.507529e+06;6.507529e+06;6.507529e+06;6.507529e+06;6.507529e+06;6.507529e+06;6.507529e+06;6.507529e+06;6.507529e+06;,K=2
wine:2.962226e+06;2.962226e+06;2.962226e+06;2.962226e+06;2.962226e+06;2.962226e+06;2.962226e+06;2.962226e+06;2.962226e+06;2.962226e+06;,K=3
wine:1.904950e+06;1.904950e+06;1.894070e+06;1.904950e+06;1.904950e+06;1.904950e+06;1.904950e+06;1.894070e+06;1.904950e+06;1.904950e+06;,K=4
wine:1.008776e+06;1.008776e+06;1.008776e+06;1.008776e+06;1.008776e+06;1.008776e+06;1.008776e+06;1.008776e+06;1.008776e+06;1.008776e+06;,K=6
wine:7.336468e+05;7.345635e+05;7.345635e+05;7.345635e+05;7.345635e+05;7.345635e+05;6.905316e+05;7.345635e+05;7.345635e+05;7.345635e+05;,K=7
wine:5.061534e+05;5.061534e+05;5.061534e+05;5.061534e+05;5.061534e+05;5.061534e+05;5.061534e+05;5.061534e+05;5.061534e+05;5.061534e+05;,K=10
wine:4.327903e+05;4.327903e+05;4.327903e+05;4.327903e+05;4.327903e+05;4.327903e+05;4.327903e+05;4.327903e+05;4.327903e+05;4.327903e+05;,K=11
wine:3.601952e+05;3.601952e+05;3.601952e+05;3.601952e+05;3.601952e+05;3.601952e+05;3.601952e+05;3.601952e+05;3.601952e+05;3.601952e+05;,K=13
wine:2.764871e+05;2.764871e+05;2.764871e+05;2.764871e+05;2.764871e+05;2.764871e+05;2.764871e+05;2.764871e+05;2.764871e+05;2.764871e+05;,K=15
wine:1.739490e+05;1.739490e+05;1.737925e+05;1.737925e+05;1.739490e+05;1.737925e+05;1.737925e+05;1.737925e+05;1.737925e+05;1.737925e+05;,K=20
wine:6.507529e+06;6.507529e+06;6.507529e+06;6.507529e+06;6.507529e+06;6.507529e+06;6.507529e+06;6.507529e+06;6.507529e+06;6.507529e+06;,K=2
wine:2.962226e+06;2.962226e+06;2.962226e+06;2.962226e+06;2.962226e+06;2.962226e+06;2.962226e+06;2.962226e+06;2.962226e+06;2.872532e+06;,K=3
wine:1.904950e+06;1.904950e+06;1.904950e+06;1.904950e+06;1.904950e+06;1.904950e+06;1.904950e+06;1.853024e+06;1.853024e+06;1.904950e+06;,K=4
wine:1.008776e+06;1.008776e+06;1.008776e+06;1.008776e+06;1.008776e+06;1.008776e+06;1.008776e+06;1.008776e+06;1.008776e+06;1.008776e+06;,K=6
wine:7.345635e+05;7.345635e+05;7.345635e+05;7.345635e+05;7.345635e+05;7.345635e+05;7.345635e+05;7.345635e+05;7.345635e+05;7.345635e+05;,K=7
wine:5.061534e+05;5.061534e+05;5.061534e+05;5.061534e+05;5.061534e+05;5.061534e+05;5.061534e+05;5.061534e+05;5.061534e+05;5.061534e+05;,K=10
wine:4.327903e+05;4.327903e+05;4.327903e+05;4.327903e+05;4.327903e+05;4.327903e+05;4.327903e+05;4.327903e+05;4.327903e+05;4.327903e+05;,K=11
wine:3.601952e+05;3.601952e+05;3.601952e+05;3.601952e+05;3.601952e+05;3.601952e+05;3.601952e+05;3.601952e+05;3.601952e+05;3.601952e+05;,K=13
wine:2.764871e+05;2.764871e+05;2.764871e+05;2.764871e+05;2.764871e+05;2.764871e+05;2.764871e+05;2.764871e+05;2.764871e+05;2.764871e+05;,K=15
wine:1.737925e+05;1.737925e+05;1.737925e+05;1.737925e+05;1.737925e+05;1.737925e+05;1.737925e+05;1.737925e+05;1.738068e+05;1.739490e+05;,K=20
glass:9.550156e+06;9.570155e+06;9.550156e+06;9.550156e+06;9.570155e+06;9.570155e+06;9.570155e+06;9.550156e+06;9.570155e+06;9.576064e+06;,K=2
glass:9.190954e+06;9.199859e+06;9.199859e+06;9.199859e+06;9.190954e+06;9.199859e+06;9.190954e+06;9.190954e+06;9.199859e+06;9.190954e+06;,K=3
glass:8.808176e+06;8.820105e+06;8.808176e+06;8.823350e+06;8.808176e+06;8.823350e+06;8.820105e+06;8.823350e+06;8.808176e+06;8.808176e+06;,K=4
glass:8.049747e+06;8.054662e+06;8.031683e+06;8.054662e+06;8.143577e+06;8.031683e+06;8.049747e+06;8.049747e+06;8.049747e+06;8.031683e+06;,K=6
glass:7.710233e+06;7.803588e+06;7.794701e+06;7.677435e+06;7.824392e+06;7.710233e+06;7.650626e+06;7.710233e+06;7.650626e+06;7.710233e+06;,K=7
glass:6.592609e+06;6.592609e+06;6.592609e+06;6.802547e+06;6.592609e+06;6.802547e+06;6.592609e+06;6.592609e+06;6.802547e+06;6.770575e+06;,K=10
glass:6.432497e+06;6.432497e+06;6.390231e+06;6.432497e+06;6.200460e+06;6.432497e+06;6.432497e+06;6.200460e+06;6.432497e+06;6.432497e+06;,K=11
wine:6.507529e+06;6.507529e+06;6.507529e+06;6.507529e+06;6.507529e+06;6.507529e+06;6.507529e+06;6.507529e+06;6.507529e+06;6.507529e+06;,K=2
wine:2.962226e+06;2.962226e+06;2.962226e+06;2.962226e+06;2.962226e+06;2.962226e+06;2.962226e+06;2.962226e+06;2.962226e+06;2.962226e+06;,K=3
wine:1.904950e+06;1.904950e+06;1.904950e+06;1.904950e+06;1.904950e+06;1.904950e+06;1.904950e+06;1.904950e+06;1.904950e+06;1.904950e+06;,K=4
wine:1.008776e+06;1.008776e+06;1.008776e+06;1.008776e+06;1.008776e+06;1.008776e+06;1.008776e+06;1.008776e+06;1.008776e+06;1.008776e+06;,K=6
wine:7.345635e+05;7.345635e+05;7.345635e+05;7.345635e+05;7.345635e+05;7.345635e+05;7.345635e+05;7.345635e+05;7.345635e+05;7.345635e+05;,K=7
wine:5.061534e+05;5.061534e+05;5.061534e+05;5.061534e+05;5.061534e+05;5.061534e+05;5.061534e+05;5.061534e+05;5.061534e+05;5.061534e+05;,K=10
wine:4.327903e+05;4.327903e+05;4.327903e+05;4.327903e+05;4.327903e+05;4.327903e+05;4.327903e+05;4.327903e+05;4.327903e+05;4.327903e+05;,K=11
wine:3.601952e+05;3.601952e+05;3.601952e+05;3.601952e+05;3.601952e+05;3.601952e+05;3.601952e+05;3.601952e+05;3.601952e+05;3.601952e+05;,K=13
wine:2.764871e+05;2.622693e+05;2.764871e+05;2.764871e+05;2.764871e+05;2.764871e+05;2.764871e+05;2.764871e+05;2.764871e+05;2.764871e+05;,K=15
wine:1.737925e+05;1.737925e+05;1.737925e+05;1.737925e+05;1.737925e+05;1.737925e+05;1.737925e+05;1.737925e+05;1.737925e+05;1.737925e+05;,K=20
wine:6.507529e+06;6.507529e+06;6.507529e+06;6.507529e+06;6.507529e+06;6.507529e+06;6.507529e+06;6.507529e+06;6.507529e+06;6.507529e+06;,K=2
wine:2.962226e+06;2.962226e+06;2.962226e+06;2.962226e+06;2.872532e+06;2.962226e+06;2.962226e+06;2.962226e+06;2.962226e+06;2.872532e+06;,K=3
wine:1.904950e+06;1.904950e+06;1.904950e+06;1.904950e+06;1.904950e+06;1.904950e+06;1.904950e+06;1.904950e+06;1.904950e+06;1.904950e+06;,K=4
wine:1.008776e+06;1.008776e+06;1.008776e+06;1.008776e+06;1.008776e+06;1.008776e+06;1.008776e+06;1.008776e+06;1.008776e+06;1.008776e+06;,K=6
wine:7.345635e+05;7.345635e+05;7.345635e+05;7.333046e+05;7.345635e+05;7.345635e+05;7.345635e+05;7.345635e+05;7.345635e+05;7.345635e+05;,K=7
wine:5.061534e+05;5.061534e+05;5.061534e+05;5.061534e+05;5.061534e+05;5.061534e+05;5.061534e+05;5.061534e+05;5.061534e+05;5.061534e+05;,K=10
wine:4.327903e+05;4.327903e+05;4.327903e+05;4.327903e+05;4.327903e+05;4.327903e+05;4.327903e+05;4.327903e+05;4.327903e+05;4.327903e+05;,K=11
wine:3.601952e+05;3.601952e+05;3.601952e+05;3.601952e+05;3.601952e+05;3.601952e+05;3.601952e+05;3.601952e+05;3.601952e+05;3.601952e+05;,K=13
wine:2.764871e+05;2.764871e+05;2.764871e+05;2.764871e+05;2.764871e+05;2.764871e+05;2.764871e+05;2.764871e+05;2.764871e+05;2.764871e+05;,K=15
wine:1.737925e+05;1.737925e+05;1.737925e+05;1.737925e+05;1.737925e+05;1.737925e+05;1.737925e+05;1.737925e+05;1.737925e+05;1.737925e+05;,K=20
glass:9.906542e-01;9.906542e-01;9.906542e-01;9.906542e-01;9.906542e-01;9.906542e-01;9.906542e-01;9.906542e-01;9.906542e-01;9.906542e-01;,K=2
glass:9.859155e-01;9.859155e-01;9.859155e-01;9.859155e-01;9.859155e-01;9.859155e-01;9.859155e-01;9.859155e-01;9.859155e-01;9.859155e-01;,K=3
glass:9.811321e-01;9.811321e-01;9.811321e-01;9.811321e-01;9.811321e-01;9.811321e-01;9.811321e-01;9.811321e-01;9.811321e-01;9.811321e-01;,K=4
glass:9.714286e-01;9.714286e-01;9.714286e-01;9.714286e-01;9.714286e-01;9.714286e-01;9.714286e-01;9.714286e-01;9.714286e-01;9.714286e-01;,K=6
glass:9.666667e-01;9.666667e-01;9.666667e-01;9.666667e-01;9.666667e-01;9.666667e-01;9.666667e-01;9.666667e-01;9.666667e-01;9.666667e-01;,K=7
glass:9.523810e-01;9.523810e-01;9.523810e-01;9.523810e-01;9.523810e-01;9.523810e-01;9.523810e-01;9.523810e-01;9.523810e-01;9.523810e-01;,K=10
glass:9.473684e-01;9.473684e-01;9.473684e-01;9.473684e-01;9.473684e-01;9.473684e-01;9.473684e-01;9.473684e-01;9.473684e-01;9.473684e-01;,K=11
glass:9.375000e-01;9.375000e-01;9.375000e-01;9.375000e-01;9.375000e-01;9.375000e-01;9.375000e-01;9.375000e-01;9.375000e-01;9.375000e-01;,K=13
glass:9.285714e-01;9.285714e-01;9.285714e-01;9.285714e-01;9.285714e-01;9.285714e-01;9.285714e-01;9.285714e-01;9.285714e-01;9.285714e-01;,K=15
glass:9.000000e-01;9.000000e-01;9.000000e-01;9.000000e-01;9.000000e-01;9.000000e-01;9.000000e-01;9.000000e-01;9.000000e-01;9.000000e-01;,K=20
thyroid:1.000000e+14;1.000000e+14;1.000000e+14;1.000000e+14;1.000000e+14;1.000000e+14;1.000000e+14;1.000000e+14;1.000000e+14;1.000000e+14;,K=2
wine:6.507529e+06;6.507529e+06;6.507529e+06;6.507529e+06;6.507529e+06;6.507529e+06;6.507529e+06;6.507529e+06;6.507529e+06;6.507529e+06;,K=2
wine:2.872532e+06;2.962226e+06;2.962226e+06;2.962226e+06;2.962226e+06;2.962226e+06;2.962226e+06;2.962226e+06;2.962226e+06;2.962226e+06;,K=3
wine:1.904950e+06;1.904950e+06;1.904950e+06;1.904950e+06;1.904950e+06;1.904950e+06;1.904950e+06;1.904950e+06;1.904950e+06;1.904950e+06;,K=4
wine:1.008776e+06;1.008776e+06;1.008776e+06;1.008776e+06;1.008776e+06;1.008776e+06;1.008776e+06;1.008776e+06;1.008776e+06;1.008776e+06;,K=6
wine:7.345635e+05;7.345635e+05;7.345635e+05;7.345635e+05;7.345635e+05;7.345635e+05;7.345635e+05;7.345635e+05;7.345635e+05;7.345635e+05;,K=7
wine:5.061534e+05;5.061534e+05;5.061534e+05;5.061534e+05;5.061534e+05;5.061534e+05;5.061534e+05;5.061534e+05;5.061534e+05;5.061534e+05;,K=10
wine:4.327903e+05;4.327903e+05;4.327903e+05;4.327903e+05;4.327903e+05;4.263049e+05;4.327903e+05;4.016921e+05;4.327903e+05;4.327903e+05;,K=11
wine:3.601952e+05;3.601952e+05;3.601952e+05;3.601952e+05;3.601952e+05;3.601952e+05;3.601952e+05;3.601952e+05;3.601952e+05;3.601952e+05;,K=13
wine:2.764871e+05;2.764871e+05;2.764871e+05;2.764871e+05;2.764871e+05;2.764871e+05;2.764871e+05;2.764871e+05;2.764871e+05;2.764871e+05;,K=15
wine:6.507529e+06;6.507529e+06;6.507529e+06;6.507529e+06;6.507529e+06;6.507529e+06;6.507529e+06;6.507529e+06;6.507529e+06;6.507529e+06;,K=2
wine:2.962226e+06;2.962226e+06;2.962226e+06;2.962226e+06;2.962226e+06;2.962226e+06;2.962226e+06;2.962226e+06;2.962226e+06;2.962226e+06;,K=3
wine:1.904950e+06;1.904950e+06;1.904950e+06;1.904950e+06;1.904950e+06;1.904950e+06;1.904950e+06;1.904950e+06;1.904950e+06;1.904950e+06;,K=4
wine:1.008776e+06;1.008776e+06;1.008776e+06;1.008776e+06;1.008776e+06;1.008776e+06;1.008776e+06;1.008776e+06;1.008776e+06;1.008776e+06;,K=6
wine:7.345635e+05;7.345635e+05;7.345635e+05;7.336468e+05;7.345635e+05;7.345635e+05;7.345635e+05;7.345635e+05;7.345635e+05;7.345635e+05;,K=7
wine:5.061534e+05;5.061534e+05;5.061534e+05;5.061534e+05;5.061534e+05;5.061534e+05;5.061534e+05;5.061534e+05;5.061534e+05;5.061534e+05;,K=10
wine:4.327903e+05;4.327903e+05;4.327903e+05;4.327903e+05;4.327903e+05;4.327903e+05;4.327903e+05;4.327903e+05;4.327903e+05;4.327903e+05;,K=11
wine:3.601952e+05;3.601952e+05;3.601952e+05;3.601952e+05;3.601952e+05;3.601952e+05;3.601952e+05;3.601952e+05;3.601952e+05;3.601952e+05;,K=13
wine:6.507529e+06;6.507529e+06;6.507529e+06;6.507529e+06;6.507529e+06;6.507529e+06;6.507529e+06;6.507529e+06;6.507529e+06;6.507529e+06;,K=2
wine:2.962226e+06;2.962226e+06;2.962226e+06;2.962226e+06;2.962226e+06;2.962226e+06;2.962226e+06;2.962226e+06;2.962226e+06;2.962226e+06;,K=3
iris:2.228128e+02;2.228128e+02;2.228128e+02;2.228128e+02;2.228128e+02;2.228128e+02;2.228128e+02;2.228128e+02;2.228128e+02;2.228128e+02;,K=2
iris:8.136720e+01;8.136720e+01;8.136720e+01;8.136720e+01;8.136720e+01;8.136720e+01;8.136720e+01;8.136720e+01;8.136720e+01;8.136720e+01;,K=3
iris:1.112496e+02;1.112496e+02;1.112496e+02;1.112496e+02;1.112496e+02;1.112496e+02;1.112496e+02;1.112496e+02;1.086197e+02;1.112496e+02;,K=4
iris:4.320800e+01;4.320800e+01;4.320800e+01;4.320800e+01;4.320800e+01;4.320800e+01;4.320800e+01;4.320800e+01;4.320800e+01;4.320800e+01;,K=6
iris:6.192013e+01;6.192013e+01;6.192013e+01;6.351745e+01;6.192013e+01;6.192013e+01;6.192013e+01;6.192013e+01;6.192013e+01;6.351745e+01;,K=7
iris:4.488400e+01;4.488400e+01;4.488400e+01;4.488400e+01;4.488400e+01;4.488400e+01;4.488400e+01;4.488400e+01;4.488400e+01;4.488400e+01;,K=10
iris:3.342676e+01;3.684143e+01;3.580280e+01;3.473775e+01;3.310885e+01;3.473445e+01;3.473445e+01;3.753165e+01;3.348797e+01;3.473445e+01;,K=11
iris:3.231182e+01;3.231182e+01;3.024841e+01;3.231492e+01;3.231182e+01;3.231182e+01;3.024841e+01;3.058576e+01;3.231492e+01;3.024841e+01;,K=13
iris:2.190800e+01;2.190800e+01;2.190800e+01;2.196000e+01;2.196000e+01;2.196000e+01;2.190800e+01;2.190800e+01;2.190800e+01;2.198200e+01;,K=15
iris:2.257429e+01;1.744554e+01;2.257054e+01;2.255696e+01;2.255750e+01;1.734446e+01;1.754375e+01;2.256768e+01;2.255750e+01;2.176089e+01;,K=20
wine:6.507529e+06;6.507529e+06;6.507529e+06;6.507529e+06;6.507529e+06;6.507529e+06;6.507529e+06;6.507529e+06;6.507529e+06;6.507529e+06;,K=2
wine:2.962226e+06;2.962226e+06;2.872532e+06;2.962226e+06;2.962226e+06;2.962226e+06;2.962226e+06;2.962226e+06;2.962226e+06;2.962226e+06;,K=3
wine:1.904950e+06;1.904950e+06;1.904950e+06;1.904950e+06;1.904950e+06;1.904950e+06;1.904950e+06;1.904950e+06;1.904950e+06;1.904950e+06;,K=4
wine:1.008776e+06;1.008776e+06;1.008776e+06;1.008776e+06;1.008776e+06;1.008776e+06;1.008776e+06;1.008776e+06;1.008776e+06;1.008776e+06;,K=6
wine:7.345635e+05;7.345635e+05;7.345635e+05;7.345635e+05;7.345635e+05;7.345635e+05;7.345635e+05;7.345635e+05;7.345635e+05;7.345635e+05;,K=7
wine:5.061534e+05;5.061534e+05;5.061534e+05;5.061534e+05;5.061534e+05;5.061534e+05;5.061534e+05;5.061534e+05;5.061534e+05;5.061534e+05;,K=10
wine:4.327903e+05;4.262166e+05;4.327903e+05;4.327903e+05;4.327903e+05;4.327903e+05;4.327903e+05;4.327903e+05;4.327903e+05;4.327903e+05;,K=11
wine:3.601952e+05;3.601952e+05;3.601952e+05;3.601952e+05;3.585113e+05;3.601952e+05;3.601952e+05;3.601952e+05;3.601952e+05;3.601952e+05;,K=13
wine:2.764871e+05;2.764871e+05;2.764871e+05;2.764871e+05;2.764871e+05;2.764871e+05;2.764871e+05;2.764871e+05;2.764871e+05;2.764871e+05;,K=15
wine:1.737925e+05;1.737925e+05;1.737925e+05;1.737925e+05;1.737925e+05;1.737925e+05;1.737925e+05;1.737925e+05;1.737925e+05;1.737925e+05;,K=20
iris:2.228128e+02;2.228128e+02;2.228128e+02;2.228128e+02;2.228128e+02;2.228128e+02;2.228128e+02;2.228128e+02;2.228128e+02;2.228128e+02;,K=2
iris:8.136720e+01;8.136720e+01;8.136720e+01;8.136720e+01;8.136720e+01;8.136720e+01;8.136720e+01;8.136720e+01;8.136720e+01;8.136720e+01;,K=3
iris:1.086197e+02;1.086197e+02;1.064114e+02;1.089421e+02;1.086197e+02;1.086197e+02;1.057349e+02;1.086197e+02;1.064114e+02;1.105732e+02;,K=4
iris:4.320800e+01;4.320800e+01;4.320800e+01;4.320800e+01;4.320800e+01;4.320800e+01;4.320800e+01;4.320800e+01;4.320800e+01;4.320800e+01;,K=6
iris:5.660396e+01;6.192013e+01;5.781558e+01;5.602504e+01;6.104985e+01;6.171924e+01;5.952054e+01;5.952054e+01;5.781558e+01;5.912998e+01;,K=7
iris:4.488400e+01;4.488400e+01;4.488400e+01;4.488400e+01;4.488400e+01;4.488400e+01;4.488400e+01;4.488400e+01;4.488400e+01;4.488400e+01;,K=10
iris:3.310885e+01;3.211786e+01;3.310885e+01;3.275352e+01;3.310885e+01;3.259995e+01;3.259995e+01;3.309456e+01;3.310885e+01;2.758610e+01;,K=11
iris:2.661985e+01;2.658727e+01;2.798371e+01;2.733932e+01;2.330144e+01;3.017250e+01;3.025152e+01;3.024326e+01;2.762538e+01;3.025152e+01;,K=13
iris:2.190800e+01;2.190800e+01;2.190800e+01;2.190800e+01;2.190800e+01;2.190800e+01;2.190800e+01;2.190800e+01;2.198200e+01;2.190800e+01;,K=15
iris:1.733768e+01;2.123054e+01;2.177143e+01;1.733196e+01;2.181375e+01;1.746179e+01;2.255750e+01;2.155768e+01;1.736036e+01;2.121982e+01;,K=20
wine:6.507529e+06;6.507529e+06;6.507529e+06;6.507529e+06;6.507529e+06;6.507529e+06;6.507529e+06;6.507529e+06;6.507529e+06;6.507529e+06;,K=2
wine:2.872532e+06;2.962226e+06;2.962226e+06;2.872532e+06;2.962226e+06;2.872532e+06;2.872532e+06;2.962226e+06;2.872532e+06;2.872532e+06;,K=3
wine:1.864777e+06;1.895093e+06;1.853024e+06;1.865800e+06;1.894070e+06;1.864777e+06;1.864777e+06;1.853024e+06;1.864777e+06;1.895093e+06;,K=4
wine:1.008776e+06;1.008776e+06;1.008776e+06;1.008776e+06;9.442277e+05;1.008776e+06;9.603671e+05;1.008776e+06;9.570473e+05;9.603671e+05;,K=6
wine:7.345635e+05;6.836762e+05;7.345635e+05;7.326455e+05;7.345635e+05;7.240872e+05;7.345635e+05;7.260996e+05;7.345635e+05;7.345635e+05;,K=7
wine:5.042740e+05;5.061534e+05;5.061534e+05;5.061534e+05;5.061534e+05;5.061534e+05;4.895739e+05;4.853602e+05;5.061534e+05;4.896293e+05;,K=10
wine:3.980537e+05;4.327903e+05;4.327903e+05;4.327903e+05;4.327903e+05;4.327903e+05;4.032277e+05;4.327903e+05;4.327903e+05;4.327903e+05;,K=11
wine:3.601952e+05;3.601952e+05;3.261527e+05;3.601952e+05;3.601952e+05;3.378082e+05;3.564194e+05;3.601952e+05;3.601952e+05;3.601952e+05;,K=13
iris:2.228128e+02;2.228128e+02;2.228128e+02;2.228128e+02;2.228128e+02;2.228128e+02;2.228128e+02;2.228128e+02;2.228128e+02;2.228128e+02;,K=2
iris:8.136720e+01;8.136720e+01;8.136720e+01;8.136720e+01;8.136720e+01;8.136720e+01;8.136720e+01;8.136720e+01;8.136720e+01;8.136720e+01;,K=3
iris:1.112496e+02;1.112496e+02;1.064114e+02;1.112496e+02;1.112496e+02;1.112496e+02;1.112496e+02;1.112496e+02;1.112496e+02;1.112496e+02;,K=4
iris:4.320800e+01;4.320800e+01;4.320800e+01;4.320800e+01;4.320800e+01;4.320800e+01;4.320800e+01;4.320800e+01;4.320800e+01;4.320800e+01;,K=6
iris:6.188069e+01;6.192013e+01;5.942455e+01;6.192013e+01;6.192013e+01;6.192013e+01;6.192013e+01;6.199823e+01;6.336771e+01;6.351745e+01;,K=7
iris:4.488400e+01;4.488400e+01;4.488400e+01;4.488400e+01;4.488400e+01;4.488400e+01;4.488400e+01;4.488400e+01;4.488400e+01;4.488400e+01;,K=10
iris:3.473445e+01;3.473445e+01;3.473445e+01;3.473445e+01;3.473445e+01;3.566308e+01;3.477467e+01;3.684143e+01;3.473445e+01;3.473445e+01;,K=11
iris:3.231182e+01;3.231182e+01;3.024841e+01;3.064530e+01;3.231182e+01;3.231182e+01;3.231182e+01;3.240788e+01;3.240788e+01;3.231492e+01;,K=13
iris:2.190800e+01;2.199200e+01;2.190800e+01;2.190800e+01;2.196000e+01;2.190800e+01;2.190800e+01;2.196000e+01;2.198200e+01;2.196000e+01;,K=15
iris:2.255696e+01;2.255696e+01;2.181375e+01;2.176089e+01;2.175411e+01;2.255696e+01;2.175411e+01;2.177107e+01;2.256768e+01;2.177429e+01;,K=20
wine:6.507529e+06;6.507529e+06;6.507529e+06;6.507529e+06;6.507529e+06;6.507529e+06;6.507529e+06;6.507529e+06;6.507529e+06;6.507529e+06;,K=2
wine:2.962226e+06;2.962226e+06;2.962226e+06;2.962226e+06;2.962226e+06;2.962226e+06;2.962226e+06;2.962226e+06;2.962226e+06;2.962226e+06;,K=3
wine:1.904950e+06;1.904950e+06;1.904950e+06;1.904950e+06;1.904950e+06;1.904950e+06;1.904950e+06;1.904950e+06;1.904950e+06;1.904950e+06;,K=4
iris:2.228128e+02;2.228128e+02;2.228128e+02;2.228128e+02;2.228128e+02;2.228128e+02;2.228128e+02;2.228128e+02;2.228128e+02;2.228128e+02;,K=2
iris:8.136720e+01;8.136720e+01;8.136720e+01;8.136720e+01;8.136720e+01;8.136720e+01;8.136720e+01;8.136720e+01;8.136720e+01;8.136720e+01;,K=3
iris:1.086197e+02;1.064114e+02;1.082019e+02;1.064114e+02;1.064114e+02;1.086197e+02;1.105732e+02;1.064114e+02;1.064114e+02;1.082019e+02;,K=4
iris:4.320800e+01;4.320800e+01;4.320800e+01;4.320800e+01;4.320800e+01;4.320800e+01;4.320800e+01;4.320800e+01;4.320800e+01;4.320800e+01;,K=6
iris:5.980251e+01;6.192013e+01;5.943130e+01;5.977734e+01;6.192013e+01;5.945483e+01;6.192013e+01;6.156734e+01;5.507266e+01;6.097104e+01;,K=7
iris:4.488400e+01;4.488400e+01;4.488400e+01;4.488400e+01;4.488400e+01;4.488400e+01;4.488400e+01;4.488400e+01;4.488400e+01;4.488400e+01;,K=10
iris:3.264857e+01;3.310885e+01;3.062192e+01;3.235643e+01;3.218857e+01;3.473445e+01;2.774049e+01;3.276352e+01;3.310885e+01;3.310885e+01;,K=11
iris:2.392856e+01;2.367205e+01;3.025152e+01;2.723492e+01;2.661492e+01;2.743780e+01;3.024841e+01;2.735818e+01;3.012159e+01;2.733121e+01;,K=13
iris:2.190800e+01;2.190800e+01;2.190800e+01;2.196000e+01;2.190800e+01;2.190800e+01;2.190800e+01;2.190800e+01;2.190800e+01;2.190800e+01;,K=15
iris:2.176036e+01;1.734446e+01;1.734446e+01;1.766232e+01;2.163839e+01;1.986589e+01;1.784446e+01;1.736518e+01;1.979464e+01;2.175411e+01;,K=20
wine:6.507529e+06;6.507529e+06;6.507529e+06;6.507529e+06;6.507529e+06;6.507529e+06;6.507529e+06;6.507529e+06;6.507529e+06;6.507529e+06;,K=2
wine:2.962226e+06;2.872532e+06;2.872532e+06;2.962226e+06;2.962226e+06;2.872532e+06;2.962226e+06;2.872532e+06;2.872532e+06;2.872532e+06;,K=3
wine:1.864777e+06;1.853024e+06;1.865800e+06;1.864777e+06;1.865800e+06;1.864777e+06;1.894070e+06;1.904950e+06;1.904950e+06;1.853024e+06;,K=4
wine:9.545926e+05;1.008776e+06;1.008776e+06;1.008776e+06;9.377357e+05;9.570473e+05;1.008776e+06;1.008776e+06;9.988610e+05;9.964063e+05;,K=6
wine:7.273007e+05;7.345635e+05;7.345635e+05;7.272903e+05;6.836762e+05;6.932556e+05;7.345635e+05;6.932556e+05;7.345635e+05;7.249892e+05;,K=7
wine:4.938595e+05;4.929370e+05;5.061534e+05;4.769055e+05;4.794087e+05;4.951422e+05;5.061534e+05;5.061534e+05;5.061534e+05;5.061534e+05;,K=10
wine:4.327903e+05;4.327903e+05;4.327903e+05;4.320982e+05;4.327903e+05;4.321662e+05;4.327903e+05;4.244044e+05;4.327903e+05;4.327903e+05;,K=11
wine:3.533431e+05;3.344184e+05;3.187334e+05;3.601952e+05;3.352249e+05;3.601952e+05;3.323282e+05;3.601952e+05;3.421633e+05;3.537581e+05;,K=13
wine:2.764871e+05;2.764871e+05;2.753483e+05;2.764871e+05;2.624424e+05;2.634786e+05;2.764871e+05;2.755193e+05;2.764871e+05;2.764871e+05;,K=15
wine:1.737925e+05;1.737925e+05;1.447959e+05;1.643139e+05;1.702067e+05;1.737925e+05;1.737925e+05;1.737925e+05;1.737925e+05;1.702587e+05;,K=20
wine:6.507529e+06;6.507529e+06;6.507529e+06;6.507529e+06;6.507529e+06;6.507529e+06;6.507529e+06;6.507529e+06;6.507529e+06;6.507529e+06;,K=2
wine:2.962226e+06;2.962226e+06;2.962226e+06;2.962226e+06;2.872532e+06;2.962226e+06;2.872532e+06;2.872532e+06;2.962226e+06;2.872532e+06;,K=3
wine:1.864777e+06;1.853024e+06;1.865800e+06;1.853024e+06;1.864777e+06;1.853024e+06;1.864777e+06;1.864777e+06;1.853024e+06;1.895093e+06;,K=4
wine:1.008776e+06;9.377357e+05;9.570473e+05;9.957829e+05;9.990082e+05;1.008776e+06;1.008776e+06;1.008776e+06;1.008776e+06;1.008776e+06;,K=6
wine:6.868897e+05;7.345635e+05;7.332343e+05;7.172925e+05;7.345635e+05;7.345635e+05;7.345635e+05;6.868897e+05;7.345635e+05;6.836762e+05;,K=7
