wine:6.507529e+06;6.507529e+06;6.507529e+06;6.507529e+06;6.507529e+06;6.507529e+06;6.507529e+06;6.507529e+06;6.507529e+06;6.507529e+06;,K=2
wine:2.962226e+06;2.962226e+06;2.872532e+06;2.962226e+06;2.962226e+06;2.962226e+06;2.962226e+06;2.962226e+06;2.962226e+06;2.962226e+06;,K=3
wine:1.904950e+06;1.904950e+06;1.904950e+06;1.904950e+06;1.904950e+06;1.904950e+06;1.904950e+06;1.904950e+06;1.904950e+06;1.904950e+06;,K=4
wine:1.008776e+06;1.008776e+06;1.008776e+06;1.008776e+06;9.964063e+05;9.571945e+05;1.008776e+06;1.008776e+06;1.008776e+06;1.008776e+06;,K=6
wine:6.507529e+06;6.507529e+06;6.507529e+06;6.507529e+06;6.507529e+06;6.507529e+06;6.507529e+06;6.507529e+06;6.507529e+06;6.507529e+06;,K=2
wine:2.962226e+06;2.872532e+06;2.962226e+06;2.962226e+06;2.962226e+06;2.962226e+06;2.962226e+06;2.962226e+06;2.962226e+06;2.962226e+06;,K=3
wine:6.507529e+06;6.507529e+06;6.507529e+06;6.507529e+06;6.507529e+06;6.507529e+06;6.507529e+06;6.507529e+06;6.507529e+06;6.507529e+06;,K=2
wine:2.962226e+06;2.962226e+06;2.872532e+06;2.962226e+06;2.872532e+06;2.962226e+06;2.872532e+06;2.872532e+06;2.872532e+06;2.872532e+06;,K=3
wine:1.853024e+06;1.904950e+06;1.865800e+06;1.853024e+06;1.904950e+06;1.864777e+06;1.853024e+06;1.894070e+06;1.865800e+06;1.904950e+06;,K=4
wine:9.990082e+05;1.008776e+06;1.002078e+06;1.008776e+06;9.377357e+05;1.008776e+06;9.571945e+05;1.008776e+06;1.008776e+06;9.988610e+05;,K=6
wine:7.345635e+05;6.842255e+05;7.345635e+05;7.259699e+05;7.345635e+05;7.345635e+05;7.345635e+05;7.345635e+05;7.268778e+05;7.345635e+05;,K=7
wine:5.009712e+05;5.061534e+05;5.061534e+05;5.061534e+05;4.924012e+05;4.769055e+05;4.930786e+05;5.061534e+05;5.061534e+05;5.061534e+05;,K=10
wine:4.039378e+05;4.327903e+05;4.278362e+05;4.128852e+05;4.239710e+05;4.263665e+05;4.327903e+05;4.327903e+05;4.327903e+05;4.327903e+05;,K=11
wine:3.215232e+05;3.485969e+05;3.601952e+05;3.601952e+05;3.481201e+05;3.601952e+05;3.601952e+05;3.316426e+05;3.417136e+05;3.601952e+05;,K=13
wine:2.764871e+05;2.764871e+05;2.438357e+05;2.764871e+05;2.764871e+05;2.630063e+05;2.764871e+05;2.707048e+05;2.764871e+05;2.764871e+05;,K=15
wine:1.737925e+05;1.737925e+05;1.737925e+05;1.730595e+05;1.714401e+05;1.634644e+05;1.703622e+05;1.737925e+05;1.410234e+05;1.737925e+05;,K=20
wine:6.507529e+06;6.507529e+06;6.507529e+06;6.507529e+06;6.507529e+06;6.507529e+06;6.507529e+06;6.507529e+06;6.507529e+06;6.507529e+06;,K=2
wine:2.962226e+06;2.962226e+06;2.872532e+06;2.962226e+06;2.962226e+06;2.962226e+06;2.872532e+06;2.872532e+06;2.962226e+06;2.872532e+06;,K=3
wine:1.864777e+06;1.865800e+06;1.894070e+06;1.864777e+06;1.865800e+06;1.895093e+06;1.865800e+06;1.865800e+06;1.864777e+06;1.864777e+06;,K=4
wine:9.442277e+05;1.008776e+06;1.008776e+06;9.442277e+05;1.008776e+06;1.008776e+06;9.571945e+05;9.545926e+05;9.964063e+05;1.008776e+06;,K=6
wine:7.345635e+05;7.345635e+05;7.331561e+05;7.345635e+05;7.326455e+05;6.791925e+05;7.345635e+05;7.345635e+05;6.781599e+05;7.345635e+05;,K=7
wine:5.059157e+05;5.061534e+05;5.061534e+05;4.924012e+05;5.061534e+05;5.061534e+05;5.061534e+05;5.061534e+05;5.061534e+05;4.908421e+05;,K=10
wine:4.327903e+05;4.327903e+05;4.327903e+05;4.327903e+05;4.014194e+05;4.327903e+05;4.327903e+05;4.278362e+05;4.327903e+05;4.255066e+05;,K=11
wine:3.483730e+05;3.601952e+05;3.601952e+05;3.601952e+05;3.601952e+05;3.300012e+05;3.601952e+05;3.451411e+05;3.601952e+05;3.601952e+05;,K=13
wine:6.507529e+06;6.507529e+06;6.507529e+06;6.507529e+06;6.507529e+06;6.507529e+06;6.507529e+06;6.507529e+06;6.507529e+06;6.507529e+06;,K=2
wine:2.872532e+06;2.962226e+06;2.872532e+06;2.872532e+06;2.962226e+06;2.962226e+06;2.962226e+06;2.872532e+06;2.962226e+06;2.872532e+06;,K=3
wine:1.853024e+06;1.864777e+06;1.864777e+06;1.904950e+06;1.853024e+06;1.865800e+06;1.904950e+06;1.894070e+06;1.904950e+06;1.895093e+06;,K=4
wine:1.008776e+06;1.008776e+06;9.957829e+05;1.008776e+06;9.397476e+05;1.008776e+06;1.008776e+06;9.411495e+05;1.008776e+06;9.397476e+05;,K=6
wine:7.345635e+05;6.913729e+05;7.326455e+05;7.232459e+05;7.345635e+05;6.859169e+05;7.169398e+05;7.345635e+05;7.345635e+05;7.345635e+05;,K=7
wine:5.061534e+05;5.014790e+05;4.966031e+05;5.061534e+05;4.846570e+05;4.895456e+05;5.061534e+05;5.036728e+05;5.061534e+05;5.061534e+05;,K=10
wine:4.277682e+05;4.027567e+05;3.996389e+05;4.327903e+05;4.327903e+05;4.255066e+05;4.327903e+05;4.327903e+05;4.327903e+05;4.327903e+05;,K=11
wine:3.601952e+05;3.375632e+05;3.601952e+05;3.181472e+05;3.527841e+05;3.601952e+05;3.601952e+05;3.186209e+05;3.601952e+05;3.453087e+05;,K=13
wine:2.764871e+05;2.764871e+05;2.469991e+05;2.639218e+05;2.764871e+05;2.764871e+05;2.434244e+05;2.764871e+05;2.764871e+05;2.756907e+05;,K=15
wine:1.406097e+05;1.737925e+05;1.724959e+05;1.737925e+05;1.346052e+05;1.737925e+05;1.724099e+05;1.737925e+05;1.737925e+05;1.737925e+05;,K=20
wine:6.507529e+06;6.507529e+06;6.507529e+06;6.507529e+06;6.507529e+06;6.507529e+06;6.507529e+06;6.507529e+06;6.507529e+06;6.507529e+06;,K=2
wine:2.962226e+06;2.962226e+06;2.962226e+06;2.962226e+06;2.872532e+06;2.872532e+06;2.872532e+06;2.962226e+06;2.872532e+06;2.962226e+06;,K=3
wine:1.894070e+06;1.864777e+06;1.853024e+06;1.865800e+06;1.894070e+06;1.853024e+06;1.894070e+06;1.864777e+06;1.853024e+06;1.904950e+06;,K=4
wine:1.008776e+06;1.008776e+06;9.408139e+05;1.008776e+06;1.008776e+06;9.408139e+05;9.570473e+05;9.442277e+05;1.008776e+06;1.008776e+06;,K=6
wine:7.345635e+05;7.345635e+05;7.345635e+05;7.345635e+05;6.905316e+05;7.232459e+05;7.285518e+05;7.345635e+05;7.345635e+05;7.345635e+05;,K=7
wine:5.061534e+05;5.061534e+05;5.061534e+05;4.908188e+05;5.014467e+05;5.039949e+05;5.061534e+05;5.061534e+05;4.745649e+05;5.061534e+05;,K=10
wine:4.039378e+05;4.324476e+05;4.327903e+05;4.327903e+05;4.327903e+05;4.327903e+05;4.028491e+05;4.327903e+05;4.327903e+05;4.327903e+05;,K=11
wine:3.601952e+05;3.397630e+05;3.402325e+05;3.533431e+05;3.330941e+05;3.483730e+05;3.279524e+05;3.601952e+05;3.227606e+05;3.601952e+05;,K=13
wine:2.621234e+05;2.630063e+05;2.626049e+05;2.764871e+05;2.764871e+05;2.764871e+05;2.448464e+05;2.695727e+05;2.442852e+05;2.753483e+05;,K=15
wine:1.704848e+05;1.737925e+05;1.406238e+05;1.413228e+05;1.719401e+05;1.698099e+05;1.737925e+05;1.737925e+05;1.737925e+05;1.621347e+05;,K=20
wine:6.507529e+06;6.507529e+06;6.507529e+06;6.507529e+06;6.507529e+06;6.507529e+06;6.507529e+06;6.507529e+06;6.507529e+06;6.507529e+06;,K=2
wine:6.507529e+06;6.507529e+06;6.507529e+06;6.507529e+06;6.507529e+06;6.507529e+06;6.507529e+06;6.507529e+06;6.507529e+06;6.507529e+06;,K=2
wine:2.962226e+06;2.962226e+06;2.962226e+06;2.962226e+06;2.962226e+06;2.872532e+06;2.962226e+06;2.962226e+06;2.872532e+06;2.962226e+06;,K=3
wine:1.904950e+06;1.864777e+06;1.895093e+06;1.864777e+06;1.904950e+06;1.865800e+06;1.853024e+06;1.894070e+06;1.853024e+06;1.864777e+06;,K=4
wine:1.008776e+06;9.964063e+05;9.377357e+05;1.008776e+06;9.570473e+05;1.008776e+06;9.933100e+05;1.008776e+06;1.008776e+06;1.008776e+06;,K=6
wine:7.345635e+05;7.345635e+05;7.345635e+05;7.345635e+05;7.345635e+05;7.345635e+05;7.345635e+05;7.345635e+05;7.272903e+05;7.345635e+05;,K=7
wine:4.936047e+05;5.061534e+05;5.008875e+05;5.061534e+05;5.061534e+05;4.776055e+05;5.061534e+05;5.002199e+05;4.932259e+05;5.002199e+05;,K=10
wine:6.507529e+06;6.507529e+06;6.507529e+06;6.507529e+06;6.507529e+06;6.507529e+06;6.507529e+06;6.507529e+06;6.507529e+06;6.507529e+06;,K=2
wine:2.962226e+06;2.962226e+06;2.872532e+06;2.872532e+06;2.962226e+06;2.872532e+06;2.962226e+06;2.962226e+06;2.962226e+06;2.962226e+06;,K=3
wine:1.904950e+06;1.904950e+06;1.853024e+06;1.904950e+06;1.894070e+06;1.865800e+06;1.853024e+06;1.864777e+06;1.904950e+06;1.853024e+06;,K=4
wine:9.957829e+05;1.008776e+06;1.008776e+06;1.008776e+06;9.545926e+05;9.377357e+05;1.008776e+06;9.857497e+05;9.957829e+05;1.008776e+06;,K=6
wine:7.345635e+05;7.296018e+05;6.836762e+05;7.345635e+05;6.922749e+05;7.345635e+05;7.259699e+05;7.345635e+05;7.345635e+05;7.326455e+05;,K=7
wine:4.799160e+05;5.061534e+05;5.061534e+05;5.061534e+05;5.061534e+05;5.061534e+05;4.957918e+05;5.061534e+05;4.963400e+05;5.061534e+05;,K=10
wine:4.027567e+05;4.327903e+05;4.327903e+05;4.327903e+05;4.327903e+05;4.327903e+05;4.327903e+05;4.327903e+05;4.327903e+05;4.088134e+05;,K=11
wine:6.507529e+06;6.507529e+06;6.507529e+06;6.507529e+06;6.507529e+06;6.507529e+06;6.507529e+06;6.507529e+06;6.507529e+06;6.507529e+06;,K=2
wine:2.962226e+06;2.962226e+06;2.872532e+06;2.962226e+06;2.872532e+06;2.962226e+06;2.962226e+06;2.962226e+06;2.872532e+06;2.872532e+06;,K=3
wine:6.507529e+06;6.507529e+06;6.507529e+06;6.507529e+06;6.507529e+06;6.507529e+06;6.507529e+06;6.507529e+06;6.507529e+06;6.507529e+06;,K=2
wine:2.872532e+06;2.872532e+06;2.872532e+06;2.962226e+06;2.962226e+06;2.962226e+06;2.872532e+06;2.872532e+06;2.962226e+06;2.872532e+06;,K=3
wine:1.894070e+06;1.904950e+06;1.894070e+06;1.884530e+06;1.865800e+06;1.904950e+06;1.904950e+06;1.864777e+06;1.865800e+06;1.904950e+06;,K=4
wine:9.570473e+05;1.008776e+06;1.008776e+06;9.397476e+05;1.008776e+06;1.008776e+06;9.411495e+05;9.408139e+05;1.008776e+06;9.570473e+05;,K=6
wine:7.345635e+05;7.345635e+05;6.909441e+05;7.345635e+05;7.326455e+05;7.259699e+05;7.345635e+05;7.333046e+05;7.345635e+05;7.345635e+05;,K=7
wine:5.029686e+05;4.932259e+05;5.061534e+05;5.061534e+05;4.908421e+05;5.061534e+05;4.925228e+05;5.061534e+05;5.061534e+05;5.061534e+05;,K=10
wine:4.327903e+05;4.139875e+05;4.327903e+05;4.327903e+05;4.327903e+05;4.327903e+05;4.120593e+05;4.327903e+05;4.327903e+05;4.327903e+05;,K=11
wine:3.601952e+05;3.601952e+05;3.601952e+05;3.601952e+05;3.386104e+05;3.601952e+05;3.601952e+05;3.601952e+05;3.384839e+05;3.601952e+05;,K=13
wine:2.764871e+05;2.437177e+05;2.641331e+05;2.764871e+05;2.764871e+05;2.764871e+05;2.764871e+05;2.764871e+05;2.764871e+05;2.636285e+05;,K=15
wine:1.724959e+05;1.737925e+05;1.720043e+05;1.402644e+05;1.736315e+05;1.349028e+05;1.678730e+05;1.737925e+05;1.716913e+05;1.690515e+05;,K=20
wine:6.507529e+06;6.507529e+06;6.507529e+06;6.507529e+06;6.507529e+06;6.507529e+06;6.507529e+06;6.507529e+06;6.507529e+06;6.507529e+06;,K=2
wine:2.962226e+06;2.962226e+06;2.872532e+06;2.962226e+06;2.962226e+06;2.962226e+06;2.872532e+06;2.872532e+06;2.962226e+06;2.872532e+06;,K=3
wine:1.894070e+06;1.853024e+06;1.853024e+06;1.864777e+06;1.904950e+06;1.895093e+06;1.864777e+06;1.904950e+06;1.904950e+06;1.894070e+06;,K=4
wine:1.008776e+06;1.008776e+06;1.008776e+06;9.408139e+05;9.957829e+05;9.408139e+05;9.988610e+05;9.408139e+05;1.008776e+06;9.571945e+05;,K=6
wine:6.913729e+05;7.345635e+05;7.332343e+05;6.818567e+05;7.331561e+05;7.345635e+05;7.345635e+05;7.345635e+05;7.345635e+05;7.345635e+05;,K=7
wine:4.999937e+05;4.950207e+05;4.953502e+05;4.957918e+05;4.905951e+05;5.061534e+05;5.061534e+05;5.061534e+05;4.991674e+05;4.799160e+05;,K=10
wine:4.327903e+05;4.125241e+05;4.327903e+05;4.321662e+05;4.327903e+05;4.327903e+05;4.021255e+05;4.327903e+05;4.327903e+05;4.327903e+05;,K=11
wine:3.321321e+05;3.601952e+05;3.182120e+05;3.601952e+05;3.601952e+05;3.601952e+05;3.601952e+05;3.601952e+05;3.200487e+05;3.271836e+05;,K=13
wine:2.764871e+05;2.764871e+05;2.607822e+05;2.749702e+05;2.764871e+05;2.764871e+05;2.764871e+05;2.442208e+05;2.494661e+05;2.615079e+05;,K=15
wine:1.737925e+05;1.737925e+05;1.737925e+05;1.737925e+05;1.691193e+05;1.737925e+05;1.737925e+05;1.725405e+05;1.723817e+05;1.737925e+05;,K=20
wine:6.507529e+06;6.507529e+06;6.507529e+06;6.507529e+06;6.507529e+06;6.507529e+06;6.507529e+06;6.507529e+06;6.507529e+06;6.507529e+06;,K=2
wine:2.962226e+06;2.872532e+06;2.962226e+06;2.962226e+06;2.872532e+06;2.962226e+06;2.872532e+06;2.962226e+06;2.872532e+06;2.872532e+06;,K=3
wine:1.865800e+06;1.904950e+06;1.894070e+06;1.865800e+06;1.894070e+06;1.904950e+06;1.904950e+06;1.894070e+06;1.864777e+06;1.904950e+06;,K=4
wine:9.570473e+05;9.408139e+05;1.008776e+06;9.957829e+05;9.957829e+05;9.570473e+05;9.442277e+05;9.397476e+05;1.008776e+06;1.008776e+06;,K=6
wine:7.345635e+05;7.277191e+05;7.345635e+05;7.345635e+05;7.345635e+05;7.336468e+05;7.345635e+05;7.163905e+05;7.163905e+05;7.249892e+05;,K=7
wine:5.061534e+05;5.061534e+05;5.061534e+05;5.057937e+05;5.042740e+05;4.916413e+05;5.061534e+05;4.963400e+05;5.061534e+05;4.956411e+05;,K=10
wine:4.327903e+05;4.327903e+05;4.327903e+05;4.309120e+05;4.327903e+05;4.327903e+05;4.032277e+05;4.327903e+05;4.322538e+05;4.327903e+05;,K=11
wine:3.263316e+05;3.182763e+05;3.601952e+05;3.523467e+05;3.336549e+05;3.267819e+05;3.318961e+05;3.504514e+05;3.601952e+05;3.601952e+05;,K=13
wine:2.764871e+05;2.629080e+05;2.438357e+05;2.609082e+05;2.644095e+05;2.611315e+05;2.764871e+05;2.629080e+05;2.628708e+05;2.611315e+05;,K=15
wine:1.737925e+05;1.339368e+05;1.737925e+05;1.737925e+05;1.727878e+05;1.627768e+05;1.645511e+05;1.649568e+05;1.419585e+05;1.638618e+05;,K=20
glass:1.000000e+14;1.000000e+14;1.000000e+14;1.000000e+14;1.000000e+14;1.000000e+14;1.000000e+14;1.000000e+14;1.000000e+14;1.000000e+14;,K=2
glass:1.000000e+14;1.000000e+14;1.000000e+14;1.000000e+14;1.000000e+14;1.000000e+14;1.000000e+14;1.000000e+14;1.000000e+14;1.000000e+14;,K=3
glass:1.000000e+14;1.000000e+14;1.000000e+14;1.000000e+14;1.000000e+14;1.000000e+14;1.000000e+14;1.000000e+14;1.000000e+14;1.000000e+14;,K=4
122-11-3-16:9:23wine:6.507529e+06;6.507529e+06;6.507529e+06;6.507529e+06;6.507529e+06;6.507529e+06;6.507529e+06;6.507529e+06;6.507529e+06;6.507529e+06;,K=2
122-11-3-16:9:43wine:6.507529e+06;6.507529e+06;6.507529e+06;6.507529e+06;6.507529e+06;6.507529e+06;6.507529e+06;6.507529e+06;6.507529e+06;6.507529e+06;,K=2
wine:2.962226e+06;2.962226e+06;2.872532e+06;2.872532e+06;2.872532e+06;2.962226e+06;2.962226e+06;2.962226e+06;2.962226e+06;2.872532e+06;,K=3
wine:1.865800e+06;1.853024e+06;1.853024e+06;1.904950e+06;1.904950e+06;1.904950e+06;1.895093e+06;1.894070e+06;1.895093e+06;1.864777e+06;,K=4
wine:1.008776e+06;1.008776e+06;1.008776e+06;9.377357e+05;1.008776e+06;1.008776e+06;9.493291e+05;1.008776e+06;9.539692e+05;9.617379e+05;,K=6
wine:7.345635e+05;7.345635e+05;7.296018e+05;7.345635e+05;7.345635e+05;7.345635e+05;7.236584e+05;7.345635e+05;7.236584e+05;7.345635e+05;,K=7
wine:5.014790e+05;4.929370e+05;5.061534e+05;4.936370e+05;5.061534e+05;5.002199e+05;4.901830e+05;5.061534e+05;5.061534e+05;4.991674e+05;,K=10
wine:4.327903e+05;4.327903e+05;4.327903e+05;4.244044e+05;4.327903e+05;4.326958e+05;4.327903e+05;4.327903e+05;4.327903e+05;4.277682e+05;,K=11
wine:3.601952e+05;3.574192e+05;3.601952e+05;3.240622e+05;3.594148e+05;3.601952e+05;3.601952e+05;3.319461e+05;3.462393e+05;3.601952e+05;,K=13
wine:2.764871e+05;2.764871e+05;2.651816e+05;2.764871e+05;2.764871e+05;2.764871e+05;2.764871e+05;2.764871e+05;2.623133e+05;2.764871e+05;,K=15
wine:1.702258e+05;1.737925e+05;1.737925e+05;1.737925e+05;1.380532e+05;1.737925e+05;1.737925e+05;1.736159e+05;1.737925e+05;1.429864e+05;,K=20
122-11-3-16:12:14
wine:6.507529e+06;6.507529e+06;6.507529e+06;6.507529e+06;6.507529e+06;6.507529e+06;6.507529e+06;6.507529e+06;6.507529e+06;6.507529e+06;,K=2
wine:2.962226e+06;2.962226e+06;2.962226e+06;2.962226e+06;2.962226e+06;2.962226e+06;2.962226e+06;2.962226e+06;2.962226e+06;2.962226e+06;,K=3
wine:1.865800e+06;1.904950e+06;1.853024e+06;1.895093e+06;1.894070e+06;1.853024e+06;1.894070e+06;1.904950e+06;1.894070e+06;1.894070e+06;,K=4
wine:1.008776e+06;9.411495e+05;1.008776e+06;1.008776e+06;9.988610e+05;9.377357e+05;9.442277e+05;1.008776e+06;9.570473e+05;1.008776e+06;,K=6
wine:7.345635e+05;7.345635e+05;6.786432e+05;7.345635e+05;7.345635e+05;7.345635e+05;7.260996e+05;7.345635e+05;7.240872e+05;7.232459e+05;,K=7
wine:5.061534e+05;4.799358e+05;5.061534e+05;5.061534e+05;4.917718e+05;5.061534e+05;4.978661e+05;5.061534e+05;5.009199e+05;4.931883e+05;,K=10
wine:4.274188e+05;4.327903e+05;4.327903e+05;4.124519e+05;4.325156e+05;4.327903e+05;4.327903e+05;4.327903e+05;4.327903e+05;4.327903e+05;,K=11
wine:3.420472e+05;3.601952e+05;3.303645e+05;3.601952e+05;3.601952e+05;3.601952e+05;3.601952e+05;3.313361e+05;3.175021e+05;3.601952e+05;,K=13
wine:2.764871e+05;2.635094e+05;2.764871e+05;2.430821e+05;2.764871e+05;2.764871e+05;2.764871e+05;2.427996e+05;2.764871e+05;2.631295e+05;,K=15
wine:1.325937e+05;1.737925e+05;1.737925e+05;1.737925e+05;1.652320e+05;1.720830e+05;1.737925e+05;1.729000e+05;1.737925e+05;1.737925e+05;,K=20
122-11-3-16:16:0
wine:6.507529e+06;6.507529e+06;6.507529e+06;6.507529e+06;6.507529e+06;6.507529e+06;6.507529e+06;6.507529e+06;6.507529e+06;6.507529e+06;,K=2
wine:2.872532e+06;2.872532e+06;2.962226e+06;2.872532e+06;2.962226e+06;2.872532e+06;2.872532e+06;2.962226e+06;2.962226e+06;2.962226e+06;,K=3
wine:1.895093e+06;1.894070e+06;1.904950e+06;1.853024e+06;1.853024e+06;1.894070e+06;1.894070e+06;1.894070e+06;1.865800e+06;1.864777e+06;,K=4
wine:9.571945e+05;1.008776e+06;9.545926e+05;9.417729e+05;1.008776e+06;9.411495e+05;9.539692e+05;1.008776e+06;9.539692e+05;9.397476e+05;,K=6
wine:6.786432e+05;7.249199e+05;7.240872e+05;7.345635e+05;7.331561e+05;7.345635e+05;7.259699e+05;7.232459e+05;6.909441e+05;6.932556e+05;,K=7
wine:4.881701e+05;5.037149e+05;4.985338e+05;4.881701e+05;4.993538e+05;5.061534e+05;5.061534e+05;5.019928e+05;4.909760e+05;5.008875e+05;,K=10
wine:4.146975e+05;4.263210e+05;4.327903e+05;4.327903e+05;4.327903e+05;4.327903e+05;4.327903e+05;4.244044e+05;4.324476e+05;4.032277e+05;,K=11
wine:3.601952e+05;3.494970e+05;3.339206e+05;3.601952e+05;3.315562e+05;3.601952e+05;3.516746e+05;3.555312e+05;3.601952e+05;3.529196e+05;,K=13
wine:2.764871e+05;2.633605e+05;2.764871e+05;2.644248e+05;2.764871e+05;2.764871e+05;2.634468e+05;2.626484e+05;2.632132e+05;2.764871e+05;,K=15
wine:1.737925e+05;1.604434e+05;1.386570e+05;1.737925e+05;1.717383e+05;1.737925e+05;1.737925e+05;1.737925e+05;1.694037e+05;1.642143e+05;,K=20
122-11-3-16:22:35
wine:6.507529e+06;6.507529e+06;6.507529e+06;6.507529e+06;6.507529e+06;6.507529e+06;6.507529e+06;6.507529e+06;6.507529e+06;6.507529e+06;,K=2
wine:2.962226e+06;2.962226e+06;2.962226e+06;2.962226e+06;2.962226e+06;2.962226e+06;2.872532e+06;2.962226e+06;2.872532e+06;2.872532e+06;,K=3
wine:1.895093e+06;1.904950e+06;1.865800e+06;1.853024e+06;1.853024e+06;1.864777e+06;1.864777e+06;1.865800e+06;1.853024e+06;1.864777e+06;,K=4
wine:1.008776e+06;1.008776e+06;1.008776e+06;9.417729e+05;9.411495e+05;9.397476e+05;9.988610e+05;1.008776e+06;9.570473e+05;9.377357e+05;,K=6
wine:6.945864e+05;7.345635e+05;7.172925e+05;7.345635e+05;7.249199e+05;7.345635e+05;7.236584e+05;7.331561e+05;7.345635e+05;7.345635e+05;,K=7
wine:4.931081e+05;5.061534e+05;5.061534e+05;4.951724e+05;5.061534e+05;4.777114e+05;4.866184e+05;4.803723e+05;5.061534e+05;4.930523e+05;,K=10
wine:4.327903e+05;4.278362e+05;4.327903e+05;4.324476e+05;4.327903e+05;4.327903e+05;4.277682e+05;4.327903e+05;4.032277e+05;4.327903e+05;,K=11
wine:3.601952e+05;3.411472e+05;3.601952e+05;3.500688e+05;3.398595e+05;3.410353e+05;3.497551e+05;3.555834e+05;3.500688e+05;3.601952e+05;,K=13
122-11-3-16:40:37
wine:6.507529e+06;6.507529e+06;6.507529e+06;6.507529e+06;6.507529e+06;6.507529e+06;6.507529e+06;6.507529e+06;6.507529e+06;6.507529e+06;,K=2
wine:2.962226e+06;2.962226e+06;2.962226e+06;2.872532e+06;2.962226e+06;2.962226e+06;2.962226e+06;2.872532e+06;2.962226e+06;2.962226e+06;,K=3
wine:1.864777e+06;1.865800e+06;1.865800e+06;1.894070e+06;1.894070e+06;1.853024e+06;1.894070e+06;1.894070e+06;1.864777e+06;1.865800e+06;,K=4
wine:9.990082e+05;1.008776e+06;9.847906e+05;9.990082e+05;1.008776e+06;9.442277e+05;9.957829e+05;1.008776e+06;1.008776e+06;1.006461e+06;,K=6
wine:7.345635e+05;6.836762e+05;7.345635e+05;7.345635e+05;7.345635e+05;7.345635e+05;7.272903e+05;6.791925e+05;7.345635e+05;7.345635e+05;,K=7
wine:5.061534e+05;4.950886e+05;4.822572e+05;4.936047e+05;4.899274e+05;5.061534e+05;5.061534e+05;5.061534e+05;5.061534e+05;5.053335e+05;,K=10
wine:4.032957e+05;4.327903e+05;4.327903e+05;4.327903e+05;4.327903e+05;4.327903e+05;4.327903e+05;4.327903e+05;4.255066e+05;4.235785e+05;,K=11
wine:3.601952e+05;3.447942e+05;3.601952e+05;3.375324e+05;3.601952e+05;3.210264e+05;3.601952e+05;3.288998e+05;3.128583e+05;3.248069e+05;,K=13
wine:2.764871e+05;2.764871e+05;2.442208e+05;2.611315e+05;2.620847e+05;2.764871e+05;2.764871e+05;2.623285e+05;2.615883e+05;2.615784e+05;,K=15
wine:1.737925e+05;1.724436e+05;1.601696e+05;1.737925e+05;1.737925e+05;1.734964e+05;1.709887e+05;1.708433e+05;1.378252e+05;1.727251e+05;,K=20
122-11-3-17:43:37
wine:6.507529e+06;6.507529e+06;6.507529e+06;6.507529e+06;6.507529e+06;6.507529e+06;6.507529e+06;6.507529e+06;6.507529e+06;6.507529e+06;,K=2
wine:2.962226e+06;2.962226e+06;2.962226e+06;2.962226e+06;2.962226e+06;2.962226e+06;2.962226e+06;2.962226e+06;2.962226e+06;2.962226e+06;,K=3
wine:1.904950e+06;1.904950e+06;1.904950e+06;1.904950e+06;1.904950e+06;1.904950e+06;1.904950e+06;1.904950e+06;1.894070e+06;1.904950e+06;,K=4
wine:1.008776e+06;1.008776e+06;1.008776e+06;1.008776e+06;1.008776e+06;1.008776e+06;1.008776e+06;1.008776e+06;1.008776e+06;1.008776e+06;,K=6
wine:7.345635e+05;7.345635e+05;7.345635e+05;7.345635e+05;7.345635e+05;7.345635e+05;7.345635e+05;7.345635e+05;7.345635e+05;7.345635e+05;,K=7
wine:5.061534e+05;5.061534e+05;5.061534e+05;5.061534e+05;5.061534e+05;5.061534e+05;5.061534e+05;5.061534e+05;5.061534e+05;5.061534e+05;,K=10
wine:4.327903e+05;4.327903e+05;4.327903e+05;4.327903e+05;4.327903e+05;4.327903e+05;4.327903e+05;4.327903e+05;4.327903e+05;4.327903e+05;,K=11
wine:3.601952e+05;3.601952e+05;3.601952e+05;3.601952e+05;3.601952e+05;3.601952e+05;3.601952e+05;3.601952e+05;3.601952e+05;3.601952e+05;,K=13
wine:2.764871e+05;2.764871e+05;2.764871e+05;2.764871e+05;2.764871e+05;2.764871e+05;2.764871e+05;2.764871e+05;2.764871e+05;2.764871e+05;,K=15
wine:1.737925e+05;1.370865e+05;1.738068e+05;1.737925e+05;1.737925e+05;1.737925e+05;1.737925e+05;1.737925e+05;1.737925e+05;1.738068e+05;,K=20
122-11-3-17:46:8
wine:6.507529e+06;6.507529e+06;6.507529e+06;6.507529e+06;6.507529e+06;6.507529e+06;6.507529e+06;6.507529e+06;6.507529e+06;6.507529e+06;,K=2
wine:2.962226e+06;2.962226e+06;2.962226e+06;2.872532e+06;2.962226e+06;2.962226e+06;2.962226e+06;2.962226e+06;2.962226e+06;2.962226e+06;,K=3
wine:1.904950e+06;1.904950e+06;1.904950e+06;1.904950e+06;1.904950e+06;1.894070e+06;1.904950e+06;1.904950e+06;1.904950e+06;1.904950e+06;,K=4
wine:1.008776e+06;1.008776e+06;1.008776e+06;1.008776e+06;1.008776e+06;1.008776e+06;1.008776e+06;1.008776e+06;1.008776e+06;1.008776e+06;,K=6
wine:7.259699e+05;7.259699e+05;7.345635e+05;7.345635e+05;7.345635e+05;7.345635e+05;7.345635e+05;7.345635e+05;7.345635e+05;7.345635e+05;,K=7
wine:5.061534e+05;5.061534e+05;5.061534e+05;5.061534e+05;5.061534e+05;5.061534e+05;5.061534e+05;5.061534e+05;5.061534e+05;5.061534e+05;,K=10
wine:4.327903e+05;4.327903e+05;4.327903e+05;4.327903e+05;4.327903e+05;4.327903e+05;4.327903e+05;4.327903e+05;4.327903e+05;4.327903e+05;,K=11
wine:3.601952e+05;3.601952e+05;3.112063e+05;3.646083e+05;3.601952e+05;3.604645e+05;3.601952e+05;3.601952e+05;3.601952e+05;3.601952e+05;,K=13
wine:2.764871e+05;2.764871e+05;2.764871e+05;2.764871e+05;2.764871e+05;2.764871e+05;2.764871e+05;2.764871e+05;2.764871e+05;2.764871e+05;,K=15
wine:1.737925e+05;1.737925e+05;1.737925e+05;1.737925e+05;1.737925e+05;1.737925e+05;1.737925e+05;1.737925e+05;1.741108e+05;1.742053e+05;,K=20
122-11-3-18:48:29
wine:6.507529e+06;6.507529e+06;6.507529e+06;6.507529e+06;6.507529e+06;6.507529e+06;6.507529e+06;6.507529e+06;6.507529e+06;6.507529e+06;,K=2
wine:2.962226e+06;2.962226e+06;2.962226e+06;2.962226e+06;2.962226e+06;2.962226e+06;2.962226e+06;2.962226e+06;2.962226e+06;2.962226e+06;,K=3
wine:1.904950e+06;1.904950e+06;1.904950e+06;1.904950e+06;1.904950e+06;1.904950e+06;1.894070e+06;1.904950e+06;1.904950e+06;1.904950e+06;,K=4
wine:1.008776e+06;1.008776e+06;1.008776e+06;1.008776e+06;1.008776e+06;1.008776e+06;1.008776e+06;1.008776e+06;1.008776e+06;1.008776e+06;,K=6
wine:7.345635e+05;7.345635e+05;7.345635e+05;7.345635e+05;7.345635e+05;7.345635e+05;7.345635e+05;7.345635e+05;7.345635e+05;7.345635e+05;,K=7
122-11-3-18:58:35
wine:6.507529e+06;6.507529e+06;6.507529e+06;6.507529e+06;6.507529e+06;6.507529e+06;6.507529e+06;6.507529e+06;6.507529e+06;6.507529e+06;,K=2
122-11-3-18:59:16
wine:6.507529e+06;6.507529e+06;6.507529e+06;6.507529e+06;6.507529e+06;6.507529e+06;6.507529e+06;6.507529e+06;6.507529e+06;6.507529e+06;,K=2
wine:2.962226e+06;2.962226e+06;2.962226e+06;2.962226e+06;2.962226e+06;2.962226e+06;2.872532e+06;2.962226e+06;2.962226e+06;2.962226e+06;,K=3
wine:1.904950e+06;1.904950e+06;1.904950e+06;1.904950e+06;1.904950e+06;1.904950e+06;1.894070e+06;1.904950e+06;1.904950e+06;1.865800e+06;,K=4
wine:1.008776e+06;9.493291e+05;1.008776e+06;1.008776e+06;1.008776e+06;1.008776e+06;1.008776e+06;1.008776e+06;1.008776e+06;1.008776e+06;,K=6
wine:7.345635e+05;7.345635e+05;7.345635e+05;7.345635e+05;7.345635e+05;7.345635e+05;7.345635e+05;7.345635e+05;7.345635e+05;7.345635e+05;,K=7
wine:5.061534e+05;5.061534e+05;5.061534e+05;5.061534e+05;5.061534e+05;5.061534e+05;5.061534e+05;5.061534e+05;5.061534e+05;5.061534e+05;,K=10
wine:4.327903e+05;4.327903e+05;4.327903e+05;4.327903e+05;4.327903e+05;4.327903e+05;4.327903e+05;4.327903e+05;4.327903e+05;4.327903e+05;,K=11
wine:3.601952e+05;3.601952e+05;3.601952e+05;3.601952e+05;3.601952e+05;3.601952e+05;3.601952e+05;3.601952e+05;3.601952e+05;3.601952e+05;,K=13
wine:2.764871e+05;2.764871e+05;2.764871e+05;2.764871e+05;2.764871e+05;2.764871e+05;2.764871e+05;2.764871e+05;2.764871e+05;2.764871e+05;,K=15
wine:1.737925e+05;1.737925e+05;1.737925e+05;1.720343e+05;1.737925e+05;1.737925e+05;1.737925e+05;1.737925e+05;1.737925e+05;1.737925e+05;,K=20
122-11-3-19:3:24
wine:6.507529e+06;6.507529e+06;6.507529e+06;6.507529e+06;6.507529e+06;6.507529e+06;6.507529e+06;6.507529e+06;6.507529e+06;6.507529e+06;,K=2
122-11-3-19:6:7
wine:6.507529e+06;6.507529e+06;6.507529e+06;6.507529e+06;6.507529e+06;6.507529e+06;6.507529e+06;6.507529e+06;6.507529e+06;6.507529e+06;,K=2
wine:2.962226e+06;2.872532e+06;2.872532e+06;2.872532e+06;2.872532e+06;2.872532e+06;2.962226e+06;2.872532e+06;2.872532e+06;2.962226e+06;,K=3
wine:1.864777e+06;1.864777e+06;1.864777e+06;1.853024e+06;1.853024e+06;1.895093e+06;1.853024e+06;1.894070e+06;1.865800e+06;1.864777e+06;,K=4
122-11-3-19:8:19
wine:6.507529e+06;6.507529e+06;6.507529e+06;6.507529e+06;6.507529e+06;6.507529e+06;6.507529e+06;6.507529e+06;6.507529e+06;6.507529e+06;,K=2
wine:2.962226e+06;2.872532e+06;2.962226e+06;2.962226e+06;2.962226e+06;2.962226e+06;2.962226e+06;2.962226e+06;2.962226e+06;2.962226e+06;,K=3
wine:1.904950e+06;1.904950e+06;1.904950e+06;1.904950e+06;1.904950e+06;1.904950e+06;1.904950e+06;1.904950e+06;1.904950e+06;1.894070e+06;,K=4
wine:1.008776e+06;1.008776e+06;1.008776e+06;1.008776e+06;1.008776e+06;1.008776e+06;1.008776e+06;1.008776e+06;1.008776e+06;1.008776e+06;,K=6
wine:7.345635e+05;7.345635e+05;7.345635e+05;7.345635e+05;7.345635e+05;7.297315e+05;7.345635e+05;7.345635e+05;7.345635e+05;7.345635e+05;,K=7
wine:4.963012e+05;5.061534e+05;5.061534e+05;5.061534e+05;5.061534e+05;5.061534e+05;5.061534e+05;4.768773e+05;5.061534e+05;5.061534e+05;,K=10
wine:4.327903e+05;4.327903e+05;4.327903e+05;4.327903e+05;4.327903e+05;4.327903e+05;4.327903e+05;4.327903e+05;4.327903e+05;4.327903e+05;,K=11
wine:3.601952e+05;3.601952e+05;3.601952e+05;3.601952e+05;3.601952e+05;3.601952e+05;3.601952e+05;3.601952e+05;3.601952e+05;3.601952e+05;,K=13
122-11-3-19:9:57
122-11-3-19:10:16
wine:6.507529e+06;6.507529e+06;6.507529e+06;6.507529e+06;6.507529e+06;6.507529e+06;6.507529e+06;6.507529e+06;6.507529e+06;6.507529e+06;,K=2
wine:2.872532e+06;2.962226e+06;2.962226e+06;2.962226e+06;2.962226e+06;2.872532e+06;2.962226e+06;2.962226e+06;2.962226e+06;2.962226e+06;,K=3
wine:1.853024e+06;1.904950e+06;1.904950e+06;1.904950e+06;1.904950e+06;1.904950e+06;1.904950e+06;1.881947e+06;1.904950e+06;1.904950e+06;,K=4
wine:1.008776e+06;1.008776e+06;1.008776e+06;1.008776e+06;1.008776e+06;1.008776e+06;1.008776e+06;1.008776e+06;1.008776e+06;1.008776e+06;,K=6
wine:6.913729e+05;7.345635e+05;7.345635e+05;7.345635e+05;7.345635e+05;7.345635e+05;7.345635e+05;7.345635e+05;7.345635e+05;7.345635e+05;,K=7
wine:5.061534e+05;5.061534e+05;5.061534e+05;5.061534e+05;5.061534e+05;5.061534e+05;5.061534e+05;5.061534e+05;5.061534e+05;5.061534e+05;,K=10
122-11-3-19:19:0
wine:6.507529e+06;6.507529e+06;6.507529e+06;6.507529e+06;6.507529e+06;6.507529e+06;6.507529e+06;6.507529e+06;6.507529e+06;6.507529e+06;,K=2
wine:2.962226e+06;2.962226e+06;2.962226e+06;2.962226e+06;2.962226e+06;2.962226e+06;2.962226e+06;2.962226e+06;2.962226e+06;2.962226e+06;,K=3
wine:1.904950e+06;1.904950e+06;1.904950e+06;1.904950e+06;1.904950e+06;1.904950e+06;1.904950e+06;1.904950e+06;1.894070e+06;1.904950e+06;,K=4
wine:1.008776e+06;1.008776e+06;1.008776e+06;1.008776e+06;1.008776e+06;1.008776e+06;1.008776e+06;1.008776e+06;1.008776e+06;1.008776e+06;,K=6
wine:7.345635e+05;7.345635e+05;7.345635e+05;7.345635e+05;7.345635e+05;7.345635e+05;7.345635e+05;7.345635e+05;7.345635e+05;7.345635e+05;,K=7
122-11-3-19:29:36
wine:6.507529e+06;6.507529e+06;6.507529e+06;6.507529e+06;6.507529e+06;6.507529e+06;6.507529e+06;6.507529e+06;6.507529e+06;6.507529e+06;,K=2
122-11-3-19:30:11
122-11-3-20:14:38
wine:6.507529e+06;6.507529e+06;6.507529e+06;6.507529e+06;6.507529e+06;6.507529e+06;6.507529e+06;6.507529e+06;6.507529e+06;6.507529e+06;,K=2
wine:2.872532e+06;2.872532e+06;2.872532e+06;2.962226e+06;2.962226e+06;2.872532e+06;2.962226e+06;2.872532e+06;2.962226e+06;2.872532e+06;,K=3
wine:1.853024e+06;1.864777e+06;1.864777e+06;1.853024e+06;1.865800e+06;1.853024e+06;1.865800e+06;1.864777e+06;1.864777e+06;1.865800e+06;,K=4
wine:9.377357e+05;9.377357e+05;1.008776e+06;9.571945e+05;9.377357e+05;9.377357e+05;9.397476e+05;9.957829e+05;9.493291e+05;1.008776e+06;,K=6
wine:7.296018e+05;7.249199e+05;7.169398e+05;7.266338e+05;7.236584e+05;7.345635e+05;6.795452e+05;7.345635e+05;7.268778e+05;6.786432e+05;,K=7
wine:5.049087e+05;4.804006e+05;4.895739e+05;4.804006e+05;4.981310e+05;4.866467e+05;4.939009e+05;4.859434e+05;4.853602e+05;5.009199e+05;,K=10
wine:4.016921e+05;4.014194e+05;4.021255e+05;4.039378e+05;4.252700e+05;4.321662e+05;4.327903e+05;4.251572e+05;4.251572e+05;4.032957e+05;,K=11
wine:3.163924e+05;3.474765e+05;3.440424e+05;3.421281e+05;3.320324e+05;3.207437e+05;3.216628e+05;3.222476e+05;3.027820e+05;3.516383e+05;,K=13
wine:2.764871e+05;2.764871e+05;2.607822e+05;2.764871e+05;2.609082e+05;2.759457e+05;2.764871e+05;2.447667e+05;2.620974e+05;2.617313e+05;,K=15
wine:1.373357e+05;1.381875e+05;1.387032e+05;1.400433e+05;1.702664e+05;1.429864e+05;1.378794e+05;1.386465e+05;1.706968e+05;1.407994e+05;,K=20
122-11-3-20:47:18
wine:6.507529e+06;6.507529e+06;6.507529e+06;6.507529e+06;6.507529e+06;6.507529e+06;6.507529e+06;6.507529e+06;6.507529e+06;6.507529e+06;,K=2
wine:2.872532e+06;2.872532e+06;2.962226e+06;2.872532e+06;2.962226e+06;2.872532e+06;2.962226e+06;2.872532e+06;2.962226e+06;2.872532e+06;,K=3
wine:1.853024e+06;1.895093e+06;1.864777e+06;1.895093e+06;1.894070e+06;1.853024e+06;1.895093e+06;1.865800e+06;1.895093e+06;1.865800e+06;,K=4
wine:9.603671e+05;9.408139e+05;9.957829e+05;9.493291e+05;9.570473e+05;9.990082e+05;9.408139e+05;9.964063e+05;9.411495e+05;9.539692e+05;,K=6
wine:6.786432e+05;6.786432e+05;6.932556e+05;6.781599e+05;7.259699e+05;7.345635e+05;7.286211e+05;6.766176e+05;6.726472e+05;7.331561e+05;,K=7
wine:4.873274e+05;4.933606e+05;4.790676e+05;4.618172e+05;4.931895e+05;4.846024e+05;4.896062e+05;4.917718e+05;4.901548e+05;4.811074e+05;,K=10
wine:4.327903e+05;4.142356e+05;4.034759e+05;4.128852e+05;4.032277e+05;4.028784e+05;4.259599e+05;4.136381e+05;4.135164e+05;4.124519e+05;,K=11
wine:3.146119e+05;3.323282e+05;3.195772e+05;3.515515e+05;3.284299e+05;3.048932e+05;3.281706e+05;3.016248e+05;3.300629e+05;3.261465e+05;,K=13
wine:2.489272e+05;2.615784e+05;2.624927e+05;2.609082e+05;2.622634e+05;2.629080e+05;2.615097e+05;2.617313e+05;2.618017e+05;2.447667e+05;,K=15
wine:1.389220e+05;1.623121e+05;1.390694e+05;1.642864e+05;1.638690e+05;1.716514e+05;1.722718e+05;1.407167e+05;1.621177e+05;1.364481e+05;,K=20
122-11-3-21:14:53
wine:6.507529e+06;6.507529e+06;6.507529e+06;6.507529e+06;6.507529e+06;6.507529e+06;6.507529e+06;6.507529e+06;6.507529e+06;6.507529e+06;,K=2
wine:2.962226e+06;2.962226e+06;2.962226e+06;2.962226e+06;2.962226e+06;2.962226e+06;2.962226e+06;2.962226e+06;2.962226e+06;2.872532e+06;,K=3
wine:1.894070e+06;1.853024e+06;1.904950e+06;1.865800e+06;1.853024e+06;1.894070e+06;1.865800e+06;1.853024e+06;1.895093e+06;1.895093e+06;,K=4
wine:9.408139e+05;9.442277e+05;9.377357e+05;1.008776e+06;9.397476e+05;1.008776e+06;9.408139e+05;1.008776e+06;9.442277e+05;9.408139e+05;,K=6
wine:6.786432e+05;7.345635e+05;6.726716e+05;6.786432e+05;6.905316e+05;6.905316e+05;6.905316e+05;7.277191e+05;6.932556e+05;7.345635e+05;,K=7
wine:4.981310e+05;4.939292e+05;4.826364e+05;4.804253e+05;4.931564e+05;5.021325e+05;4.790260e+05;4.917718e+05;4.787899e+05;5.061534e+05;,K=10
wine:4.121791e+05;4.327903e+05;4.327903e+05;4.032277e+05;4.313454e+05;4.235785e+05;4.014194e+05;4.014194e+05;4.012996e+05;4.327903e+05;,K=11
wine:3.260765e+05;3.267452e+05;3.274393e+05;3.457313e+05;3.114822e+05;3.293133e+05;3.261465e+05;3.229438e+05;3.595518e+05;3.326580e+05;,K=13
wine:2.433907e+05;2.430700e+05;2.444903e+05;2.609082e+05;2.424806e+05;2.442208e+05;2.621454e+05;2.448464e+05;2.764871e+05;2.169127e+05;,K=15
wine:1.733258e+05;1.610484e+05;1.698127e+05;1.707712e+05;1.633265e+05;1.645434e+05;1.636299e+05;1.647562e+05;1.387701e+05;1.600940e+05;,K=20
122-11-3-21:17:14
wine:6.507529e+06;6.507529e+06;6.507529e+06;6.507529e+06;6.507529e+06;6.507529e+06;6.507529e+06;6.507529e+06;6.507529e+06;6.507529e+06;,K=2
wine:2.872532e+06;2.962226e+06;2.872532e+06;2.872532e+06;2.962226e+06;2.962226e+06;2.872532e+06;2.962226e+06;2.872532e+06;2.962226e+06;,K=3
wine:1.894070e+06;1.853024e+06;1.894070e+06;1.853024e+06;1.853024e+06;1.895093e+06;1.895093e+06;1.865800e+06;1.853024e+06;1.853024e+06;,K=4
wine:9.442277e+05;9.408139e+05;9.397476e+05;1.008776e+06;9.408139e+05;1.008776e+06;9.411495e+05;9.539692e+05;9.539692e+05;9.442277e+05;,K=6
wine:7.259699e+05;7.345635e+05;6.786432e+05;7.345635e+05;7.345635e+05;6.909441e+05;6.786432e+05;7.345635e+05;6.818567e+05;7.236584e+05;,K=7
wine:4.790987e+05;4.931895e+05;4.828231e+05;4.853320e+05;4.788181e+05;5.061534e+05;4.731140e+05;4.928212e+05;4.799160e+05;4.871958e+05;,K=10
wine:4.034759e+05;4.277682e+05;4.136381e+05;4.021255e+05;4.257548e+05;4.139875e+05;4.136381e+05;4.021255e+05;4.121791e+05;3.924924e+05;,K=11
wine:3.183415e+05;3.143160e+05;3.596407e+05;3.127956e+05;3.275314e+05;3.222476e+05;3.601952e+05;3.282317e+05;3.326580e+05;3.209903e+05;,K=13
wine:2.448464e+05;2.762880e+05;2.622693e+05;2.437177e+05;2.628708e+05;2.630063e+05;2.611315e+05;2.430821e+05;2.623216e+05;2.442208e+05;,K=15
wine:1.684583e+05;1.737925e+05;1.338421e+05;1.610484e+05;1.370706e+05;1.718911e+05;1.370343e+05;1.638618e+05;1.624403e+05;1.385776e+05;,K=20
122-11-3-21:20:39
wine:6.507529e+06;6.507529e+06;6.507529e+06;6.507529e+06;6.507529e+06;6.507529e+06;6.507529e+06;6.507529e+06;6.507529e+06;6.507529e+06;,K=2
wine:2.872532e+06;2.872532e+06;2.872532e+06;2.872532e+06;2.872532e+06;2.872532e+06;2.872532e+06;2.872532e+06;2.872532e+06;2.872532e+06;,K=3
wine:1.864777e+06;1.865800e+06;1.895093e+06;1.853024e+06;1.864777e+06;1.864777e+06;1.865800e+06;1.864777e+06;1.864777e+06;1.864777e+06;,K=4
wine:9.957829e+05;9.397476e+05;9.539692e+05;9.397476e+05;9.377357e+05;9.377357e+05;9.397476e+05;9.411495e+05;9.539692e+05;1.008776e+06;,K=6
wine:6.922055e+05;6.726716e+05;7.345635e+05;7.345635e+05;7.296018e+05;6.905316e+05;6.836762e+05;6.922749e+05;6.905316e+05;6.913729e+05;,K=7
wine:4.937758e+05;4.939292e+05;4.985338e+05;4.822361e+05;4.799160e+05;4.889062e+05;4.931883e+05;4.895456e+05;4.900876e+05;4.999937e+05;,K=10
wine:4.325156e+05;4.327903e+05;4.277682e+05;4.139875e+05;4.327903e+05;4.236983e+05;4.139875e+05;4.327903e+05;4.142356e+05;4.032277e+05;,K=11
wine:2.965867e+05;3.195092e+05;3.235694e+05;3.470040e+05;3.313528e+05;3.127956e+05;3.372854e+05;3.348104e+05;3.208437e+05;3.223744e+05;,K=13
wine:2.623467e+05;2.396758e+05;2.626484e+05;2.621798e+05;2.424806e+05;2.442852e+05;2.424806e+05;2.623133e+05;2.607822e+05;2.436697e+05;,K=15
wine:1.301111e+05;1.613718e+05;1.713520e+05;1.352443e+05;1.724005e+05;1.634227e+05;1.651820e+05;1.403199e+05;1.696200e+05;1.615116e+05;,K=20
122-11-3-21:23:31
wine:6.507529e+06;6.507529e+06;6.507529e+06;6.507529e+06;6.507529e+06;6.507529e+06;6.507529e+06;6.507529e+06;6.507529e+06;6.507529e+06;,K=2
wine:2.872532e+06;2.872532e+06;2.872532e+06;2.872532e+06;2.872532e+06;2.872532e+06;2.872532e+06;2.872532e+06;2.872532e+06;2.962226e+06;,K=3
wine:1.853024e+06;1.864777e+06;1.853024e+06;1.864777e+06;1.864777e+06;1.865800e+06;1.853024e+06;1.864777e+06;1.853024e+06;1.865800e+06;,K=4
wine:9.493291e+05;9.411495e+05;9.408139e+05;9.539692e+05;9.571945e+05;9.397476e+05;9.570473e+05;9.493291e+05;9.377357e+05;9.397476e+05;,K=6
wine:6.868897e+05;7.345635e+05;7.277191e+05;7.345635e+05;6.913729e+05;7.260996e+05;6.836762e+05;7.345635e+05;6.945864e+05;6.795452e+05;,K=7
wine:4.929370e+05;4.817515e+05;4.918356e+05;4.884822e+05;4.803938e+05;4.860721e+05;4.918000e+05;4.853602e+05;4.917718e+05;4.871958e+05;,K=10
wine:4.255066e+05;3.753899e+05;4.135164e+05;4.128852e+05;4.139875e+05;4.021255e+05;4.255066e+05;4.139875e+05;4.259599e+05;4.327903e+05;,K=11
wine:3.159178e+05;3.302449e+05;3.471248e+05;3.124906e+05;3.390864e+05;3.186020e+05;3.189194e+05;3.031312e+05;3.230002e+05;3.157733e+05;,K=13
wine:2.618017e+05;2.442208e+05;2.434244e+05;2.623467e+05;2.442208e+05;2.444903e+05;2.430700e+05;2.424806e+05;2.434244e+05;2.622805e+05;,K=15
wine:1.374336e+05;1.360503e+05;1.352868e+05;1.447959e+05;1.593495e+05;1.643047e+05;1.361313e+05;1.647562e+05;1.701593e+05;1.260631e+05;,K=20
122-11-3-21:27:15
wine:6.507529e+06;6.507529e+06;6.507529e+06;6.507529e+06;6.507529e+06;6.507529e+06;6.507529e+06;6.507529e+06;6.507529e+06;6.507529e+06;,K=2
wine:2.872532e+06;2.872532e+06;2.872532e+06;2.872532e+06;2.872532e+06;2.872532e+06;2.872532e+06;2.872532e+06;2.872532e+06;2.872532e+06;,K=3
wine:1.853024e+06;1.865800e+06;1.864777e+06;1.865800e+06;1.865800e+06;1.865800e+06;1.864777e+06;1.853024e+06;1.853024e+06;1.853024e+06;,K=4
wine:9.442277e+05;9.539692e+05;9.408139e+05;9.539692e+05;9.570473e+05;9.417729e+05;9.539692e+05;9.408139e+05;9.408139e+05;9.617379e+05;,K=6
wine:6.868897e+05;6.909441e+05;6.932556e+05;6.818567e+05;6.836762e+05;7.272903e+05;6.932556e+05;6.781599e+05;7.326455e+05;6.845782e+05;,K=7
wine:5.010315e+05;4.846570e+05;4.939009e+05;4.938595e+05;5.061534e+05;4.815648e+05;4.936370e+05;4.938595e+05;4.886006e+05;4.895739e+05;,K=10
wine:4.032277e+05;4.135164e+05;4.032957e+05;4.327903e+05;4.280164e+05;4.032277e+05;4.139875e+05;4.121791e+05;4.139875e+05;4.034759e+05;,K=11
wine:3.251334e+05;3.386873e+05;3.222476e+05;3.323734e+05;3.152076e+05;3.327821e+05;3.500688e+05;3.195772e+05;3.261465e+05;3.156519e+05;,K=13
wine:2.618521e+05;2.536106e+05;2.617657e+05;2.447667e+05;2.442208e+05;2.430821e+05;2.631943e+05;2.747469e+05;2.634786e+05;2.452984e+05;,K=15
wine:1.639077e+05;1.679411e+05;1.403199e+05;1.407895e+05;1.391304e+05;1.440602e+05;1.656560e+05;1.619855e+05;1.234682e+05;1.407167e+05;,K=20
122-11-3-21:30:49
wine:6.507529e+06;6.507529e+06;6.507529e+06;6.507529e+06;6.507529e+06;6.507529e+06;6.507529e+06;6.507529e+06;6.507529e+06;6.507529e+06;,K=2
wine:2.872532e+06;2.872532e+06;2.872532e+06;2.872532e+06;2.872532e+06;2.872532e+06;2.872532e+06;2.962226e+06;2.962226e+06;2.872532e+06;,K=3
wine:1.853024e+06;1.864777e+06;1.853024e+06;1.864777e+06;1.864777e+06;1.864777e+06;1.865800e+06;1.865800e+06;1.864777e+06;1.865800e+06;,K=4
wine:9.397476e+05;1.008776e+06;9.397476e+05;1.008776e+06;9.442277e+05;9.964063e+05;9.493291e+05;9.411495e+05;9.408139e+05;9.570473e+05;,K=6
wine:7.345635e+05;7.345635e+05;6.790622e+05;7.249892e+05;6.845782e+05;7.163905e+05;7.345635e+05;6.913729e+05;7.272903e+05;6.795452e+05;,K=7
wine:4.920186e+05;4.908421e+05;4.939292e+05;4.781585e+05;4.812159e+05;4.674482e+05;4.957647e+05;5.014790e+05;4.777114e+05;4.734367e+05;,K=10
122-11-3-21:41:29
wine:6.507529e+06;6.507529e+06;6.507529e+06;6.507529e+06;6.507529e+06;6.507529e+06;6.507529e+06;6.507529e+06;6.507529e+06;6.507529e+06;,K=2
wine:2.962226e+06;2.962226e+06;2.872532e+06;2.872532e+06;2.962226e+06;2.962226e+06;2.962226e+06;2.872532e+06;2.962226e+06;2.962226e+06;,K=3
wine:1.904950e+06;1.853024e+06;1.865800e+06;1.864777e+06;1.895093e+06;1.864777e+06;1.904950e+06;1.864777e+06;1.904950e+06;1.853024e+06;,K=4
wine:1.008776e+06;1.008776e+06;1.008776e+06;1.008776e+06;9.545926e+05;1.002078e+06;1.008776e+06;1.008776e+06;1.008776e+06;1.008776e+06;,K=6
wine:7.345635e+05;7.345635e+05;7.296018e+05;6.836762e+05;7.345635e+05;7.345635e+05;7.169398e+05;7.345635e+05;7.336468e+05;7.345635e+05;,K=7
wine:5.027431e+05;5.061534e+05;5.061534e+05;4.972805e+05;5.061534e+05;4.895538e+05;4.823887e+05;4.731140e+05;5.057937e+05;5.002199e+05;,K=10
wine:4.327903e+05;4.327903e+05;4.327903e+05;4.327903e+05;4.327903e+05;3.920458e+05;4.327903e+05;4.327903e+05;4.327903e+05;4.327903e+05;,K=11
wine:2.944966e+05;3.601952e+05;3.495620e+05;3.601952e+05;3.493213e+05;3.453954e+05;3.438597e+05;3.396865e+05;3.490513e+05;3.345904e+05;,K=13
wine:2.515273e+05;2.629080e+05;2.764871e+05;2.476146e+05;2.493224e+05;2.609082e+05;2.764871e+05;2.627249e+05;2.480233e+05;2.424806e+05;,K=15
wine:1.737925e+05;1.446341e+05;1.431799e+05;1.376486e+05;1.410234e+05;1.653486e+05;1.405703e+05;1.737925e+05;1.737925e+05;1.639074e+05;,K=20
122-11-3-21:43:39
wine:6.507529e+06;6.507529e+06;6.507529e+06;6.507529e+06;6.507529e+06;6.507529e+06;6.507529e+06;6.507529e+06;6.507529e+06;6.507529e+06;,K=2
wine:2.872532e+06;2.872532e+06;2.962226e+06;2.962226e+06;2.872532e+06;2.872532e+06;2.962226e+06;2.872532e+06;2.962226e+06;2.962226e+06;,K=3
wine:1.853024e+06;1.904950e+06;1.894070e+06;1.904950e+06;1.904950e+06;1.904950e+06;1.904950e+06;1.865800e+06;1.904950e+06;1.865800e+06;,K=4
wine:1.008776e+06;9.990082e+05;9.377357e+05;1.008776e+06;1.008776e+06;1.008776e+06;1.008776e+06;1.008776e+06;1.008776e+06;9.539692e+05;,K=6
wine:7.345635e+05;7.345635e+05;6.932556e+05;7.345635e+05;7.345635e+05;7.345635e+05;7.345635e+05;7.345635e+05;7.186312e+05;7.345635e+05;,K=7
wine:5.061534e+05;4.929541e+05;4.999937e+05;5.061534e+05;4.721671e+05;5.061534e+05;5.061534e+05;4.853602e+05;4.895538e+05;5.061534e+05;,K=10
wine:4.327903e+05;4.327903e+05;4.034759e+05;4.327903e+05;4.327903e+05;4.327903e+05;4.327903e+05;4.327903e+05;4.327903e+05;4.327903e+05;,K=11
wine:3.533879e+05;2.953749e+05;3.318832e+05;3.601952e+05;3.601952e+05;3.543490e+05;3.601952e+05;3.492002e+05;3.601952e+05;3.439245e+05;,K=13
wine:2.607822e+05;2.764871e+05;2.607822e+05;2.764871e+05;2.764871e+05;2.442208e+05;2.448464e+05;2.764871e+05;2.623133e+05;2.622693e+05;,K=15
wine:1.737925e+05;1.737925e+05;1.388898e+05;1.737925e+05;1.737925e+05;1.737925e+05;1.737925e+05;1.735953e+05;1.374279e+05;1.397655e+05;,K=20
122-11-3-21:45:45
wine:6.507529e+06;6.507529e+06;6.507529e+06;6.507529e+06;6.507529e+06;6.507529e+06;6.507529e+06;6.507529e+06;6.507529e+06;6.507529e+06;,K=2
wine:2.872532e+06;2.962226e+06;2.872532e+06;2.872532e+06;2.962226e+06;2.962226e+06;2.962226e+06;2.872532e+06;2.962226e+06;2.962226e+06;,K=3
wine:1.853024e+06;1.904950e+06;1.895093e+06;1.904950e+06;1.853024e+06;1.904950e+06;1.864777e+06;1.904950e+06;1.865800e+06;1.904950e+06;,K=4
wine:1.008776e+06;1.008776e+06;1.008776e+06;1.008776e+06;1.008776e+06;1.008776e+06;1.008776e+06;9.408139e+05;1.008776e+06;9.570473e+05;,K=6
wine:7.345635e+05;7.345635e+05;7.345635e+05;7.345635e+05;7.285518e+05;7.345635e+05;7.345635e+05;7.297315e+05;7.345635e+05;7.345635e+05;,K=7
wine:4.799160e+05;5.061534e+05;5.061534e+05;4.991674e+05;5.061534e+05;4.895780e+05;4.818588e+05;5.061534e+05;5.061534e+05;5.061534e+05;,K=10
wine:4.327903e+05;4.327903e+05;4.327903e+05;4.327903e+05;4.306393e+05;4.327903e+05;4.327903e+05;4.327903e+05;4.327903e+05;4.327903e+05;,K=11
wine:3.601952e+05;3.601952e+05;3.193476e+05;3.087263e+05;3.480419e+05;3.566207e+05;3.422551e+05;3.447527e+05;3.386638e+05;3.215617e+05;,K=13
wine:2.630673e+05;2.671554e+05;2.632481e+05;2.764871e+05;2.482014e+05;2.437177e+05;2.764871e+05;2.623285e+05;2.764871e+05;2.764871e+05;,K=15
wine:1.378225e+05;1.713860e+05;1.709476e+05;1.449236e+05;1.737925e+05;1.735573e+05;1.737925e+05;1.371509e+05;1.737925e+05;1.686735e+05;,K=20
122-11-4-12:37:15
122-11-4-17:30:34
wine:-1.098768e+08;-1.148601e+08;-9.257809e+07;-1.022456e+08;-7.042345e+07;-1.256193e+08;-1.145698e+08;-1.475628e+08;-1.171398e+08;-1.060011e+08;,K=2
122-11-4-17:38:23
122-11-4-17:38:50
122-11-4-17:39:0
wine:-1.541184e+08;-1.142820e+08;-1.149371e+08;-1.583298e+08;-1.028221e+08;-1.146982e+08;-9.214774e+07;-9.221944e+07;-1.474447e+08;-1.582384e+08;,K=2
wine:-1.382101e+08;-1.401129e+08;-1.327053e+08;-1.160560e+08;-1.412266e+08;-1.562326e+08;-1.453595e+08;-1.508819e+08;-1.118908e+08;-1.401874e+08;,K=3
wine:-1.363337e+08;-1.673183e+08;-1.466960e+08;-1.680718e+08;-1.604194e+08;-1.520573e+08;-1.527348e+08;-1.497220e+08;-1.515952e+08;-1.638854e+08;,K=4
122-11-4-17:40:6
wine:-1.098930e+08;-1.034391e+08;-1.258008e+08;-1.144639e+08;-1.028088e+08;-1.023273e+08;-1.586497e+08;-1.582095e+08;-1.251632e+08;-1.585632e+08;,K=2
wine:-1.514270e+08;-1.379838e+08;-1.273070e+08;-1.462349e+08;-1.394176e+08;-9.844322e+07;-1.298712e+08;-1.268074e+08;-1.347569e+08;-1.553766e+08;,K=3
122-11-4-17:40:28
wine:-1.422345e+08;-1.581082e+08;-1.365122e+08;-1.475615e+08;-1.361038e+08;-1.139682e+08;-1.036743e+08;-8.123107e+07;-1.481275e+08;-1.038739e+08;,K=2
122-11-4-17:42:21
wine:6.507529e+06;6.507529e+06;6.507529e+06;6.507529e+06;6.507529e+06;6.507529e+06;6.507529e+06;6.507529e+06;6.507529e+06;6.507529e+06;,K=2
wine:2.962226e+06;2.962226e+06;2.872532e+06;2.962226e+06;2.962226e+06;2.962226e+06;2.962226e+06;2.872532e+06;2.962226e+06;2.872532e+06;,K=3
122-11-4-17:43:53
wine:6.507529e+06;6.507529e+06;6.507529e+06;6.507529e+06;6.507529e+06;6.507529e+06;6.507529e+06;6.507529e+06;6.507529e+06;6.507529e+06;,K=2
wine:2.962226e+06;2.872532e+06;2.872532e+06;2.872532e+06;2.872532e+06;2.872532e+06;2.872532e+06;2.872532e+06;2.872532e+06;2.872532e+06;,K=3
wine:1.865800e+06;1.865800e+06;1.865800e+06;1.864777e+06;1.864777e+06;1.853024e+06;1.865800e+06;1.865800e+06;1.895093e+06;1.904950e+06;,K=4
wine:1.008776e+06;9.514963e+05;9.397476e+05;9.957829e+05;9.603671e+05;9.570473e+05;1.008776e+06;9.545926e+05;9.442277e+05;1.008776e+06;,K=6
wine:7.345635e+05;6.909441e+05;6.836762e+05;7.259699e+05;7.326455e+05;7.345635e+05;6.836762e+05;6.909441e+05;7.345635e+05;7.345635e+05;,K=7
wine:4.932259e+05;4.775449e+05;5.061534e+05;4.614945e+05;4.938081e+05;4.924012e+05;4.895780e+05;5.061534e+05;5.061534e+05;5.061534e+05;,K=10
wine:4.327903e+05;4.139875e+05;4.032277e+05;4.251572e+05;4.327903e+05;4.327903e+05;4.327903e+05;4.327903e+05;4.327903e+05;4.324327e+05;,K=11
wine:3.505938e+05;3.526847e+05;3.601952e+05;3.601952e+05;3.133809e+05;3.415176e+05;3.601952e+05;3.601952e+05;3.601952e+05;3.503234e+05;,K=13
wine:2.764871e+05;2.626484e+05;2.764871e+05;2.524623e+05;2.764871e+05;2.764871e+05;2.630063e+05;2.442208e+05;2.442852e+05;2.659471e+05;,K=15
wine:1.690790e+05;1.737925e+05;1.737925e+05;1.710453e+05;1.618173e+05;1.704582e+05;1.412547e+05;1.737925e+05;1.737925e+05;1.737925e+05;,K=20
122-11-4-17:46:7
wine:6.507529e+06;6.507529e+06;6.507529e+06;6.507529e+06;6.507529e+06;6.507529e+06;6.507529e+06;6.507529e+06;6.507529e+06;6.507529e+06;,K=2
wine:2.872532e+06;2.872532e+06;2.872532e+06;2.872532e+06;2.872532e+06;2.872532e+06;2.962226e+06;2.872532e+06;2.872532e+06;2.872532e+06;,K=3
wine:1.853024e+06;1.904950e+06;1.894070e+06;1.864777e+06;1.895093e+06;1.853024e+06;1.865800e+06;1.894070e+06;1.864777e+06;1.864777e+06;,K=4
wine:9.493291e+05;9.377357e+05;9.397476e+05;1.008776e+06;9.988610e+05;1.008776e+06;1.008776e+06;1.008776e+06;9.571945e+05;9.417729e+05;,K=6
wine:7.186312e+05;7.345635e+05;6.836762e+05;7.232459e+05;7.345635e+05;7.345635e+05;7.345635e+05;6.868897e+05;7.345635e+05;7.345635e+05;,K=7
wine:5.061534e+05;5.061534e+05;5.061534e+05;5.061534e+05;4.797711e+05;5.061534e+05;4.753136e+05;5.061534e+05;4.906878e+05;5.061534e+05;,K=10
wine:4.327903e+05;4.327903e+05;4.137509e+05;4.327903e+05;3.924924e+05;4.327903e+05;4.327903e+05;4.259599e+05;4.327903e+05;4.326236e+05;,K=11
wine:3.496226e+05;3.035090e+05;3.311319e+05;3.601952e+05;3.601952e+05;3.114737e+05;3.275043e+05;3.601952e+05;3.480592e+05;3.216759e+05;,K=13
wine:2.512027e+05;2.644248e+05;2.624518e+05;2.640687e+05;2.627249e+05;2.764871e+05;2.427996e+05;2.625884e+05;2.625519e+05;2.618521e+05;,K=15
wine:1.723588e+05;1.729736e+05;1.737925e+05;1.737554e+05;1.721791e+05;1.659221e+05;1.408732e+05;1.631014e+05;1.718273e+05;1.737925e+05;,K=20
122-11-4-17:53:57
wine:0.000000e+00;0.000000e+00;0.000000e+00;0.000000e+00;0.000000e+00;0.000000e+00;-7.207089e+06;-8.458705e+06;0.000000e+00;0.000000e+00;,K=2
wine:-1.288174e+07;-1.328236e+07;-1.458641e+07;-1.456157e+07;-1.331960e+07;-1.282283e+07;-1.461219e+07;-1.442161e+07;-1.453227e+07;-1.449572e+07;,K=3
wine:-1.457397e+07;-1.467575e+07;-1.532989e+07;-1.539452e+07;-1.470389e+07;-1.512688e+07;-1.497678e+07;-1.552707e+07;-1.542774e+07;-1.562229e+07;,K=4
wine:-1.612692e+07;-1.639297e+07;-1.635664e+07;-1.627485e+07;-1.644969e+07;-1.644713e+07;-1.645822e+07;-1.635739e+07;-1.637909e+07;-1.612776e+07;,K=6
wine:-1.584385e+07;-1.632430e+07;-1.656559e+07;-1.614531e+07;-1.636337e+07;-1.576431e+07;-1.656454e+07;-1.670452e+07;-1.587577e+07;-1.612468e+07;,K=7
122-11-4-17:54:38
122-11-4-18:4:54
wine:6.507529e+06;6.507529e+06;6.507529e+06;6.507529e+06;6.507529e+06;6.507529e+06;6.507529e+06;6.507529e+06;6.507529e+06;6.507529e+06;,K=2
wine:2.962226e+06;2.872532e+06;2.872532e+06;2.872532e+06;2.962226e+06;2.962226e+06;2.872532e+06;2.872532e+06;2.872532e+06;2.872532e+06;,K=3
wine:1.895093e+06;1.894070e+06;1.894070e+06;1.853024e+06;1.864777e+06;1.853024e+06;1.864777e+06;1.853024e+06;1.865800e+06;1.904950e+06;,K=4
wine:1.008776e+06;9.397476e+05;9.397476e+05;9.397476e+05;1.008776e+06;9.411495e+05;9.377357e+05;9.408139e+05;9.377357e+05;1.008776e+06;,K=6
122-11-5-13:29:39
wine:6.507529e+10;6.507529e+10;6.507529e+10;6.507529e+10;6.507529e+10;6.507529e+10;6.507529e+10;6.507529e+10;6.507529e+10;6.507529e+10;,K=2
wine:2.872532e+10;2.872532e+10;2.872532e+10;2.962226e+10;2.872532e+10;2.872532e+10;2.872329e+10;2.872329e+10;2.962226e+10;2.872329e+10;,K=3
wine:1.853024e+10;1.865800e+10;1.865800e+10;1.865800e+10;1.864777e+10;1.895093e+10;1.853024e+10;1.865800e+10;1.865800e+10;1.864777e+10;,K=4
wine:9.442277e+09;9.411495e+09;9.411495e+09;9.957829e+09;9.417729e+09;9.397476e+09;9.377357e+09;9.397476e+09;9.377357e+09;9.411495e+09;,K=6
wine:7.172925e+09;6.720943e+09;7.172925e+09;6.922055e+09;6.909441e+09;7.260996e+09;7.266338e+09;6.909441e+09;6.836762e+09;6.913729e+09;,K=7
wine:4.785300e+09;4.614945e+09;4.846570e+09;4.785300e+09;4.978661e+09;5.010315e+09;4.866467e+09;4.917718e+09;5.014467e+09;4.932259e+09;,K=10
wine:4.032277e+09;4.236983e+09;4.121791e+09;4.239710e+09;4.263383e+09;4.327903e+09;4.256085e+09;4.032277e+09;4.023101e+09;4.236983e+09;,K=11
122-11-5-13:31:6
wine:6.507528e+10;6.507528e+10;6.507528e+10;6.507528e+10;6.507528e+10;6.507528e+10;6.507528e+10;6.507528e+10;6.507528e+10;6.507528e+10;,K=2
wine:2.872329e+10;2.962226e+10;2.962226e+10;2.872329e+10;2.872532e+10;2.872329e+10;2.872329e+10;2.872532e+10;2.872532e+10;2.872532e+10;,K=3
wine:1.864777e+10;1.864777e+10;1.864777e+10;1.895093e+10;1.864777e+10;1.853024e+10;1.864777e+10;1.865800e+10;1.864777e+10;1.865800e+10;,K=4
wine:9.539692e+09;9.408138e+09;9.571945e+09;9.377357e+09;9.377357e+09;9.539692e+09;9.411495e+09;9.408138e+09;9.988610e+09;9.964063e+09;,K=6
wine:6.781599e+09;6.909441e+09;7.232459e+09;6.909441e+09;6.922055e+09;7.259699e+09;6.726472e+09;6.831929e+09;6.786432e+09;6.808839e+09;,K=7
122-11-5-13:32:43
wine:6.507528e+10;6.507528e+10;6.507528e+10;6.507528e+10;6.507528e+10;6.507528e+10;6.507528e+10;6.507528e+10;6.507528e+10;6.507528e+10;,K=2
wine:2.962226e+10;2.962226e+10;2.962226e+10;2.962226e+10;2.962226e+10;2.962226e+10;2.962226e+10;2.962226e+10;2.962226e+10;2.872532e+10;,K=3
wine:1.853024e+10;1.904950e+10;1.904950e+10;1.904950e+10;1.865800e+10;1.894070e+10;1.894070e+10;1.895093e+10;1.904950e+10;1.904950e+10;,K=4
122-11-5-13:34:3
wine:6.507529e+13;6.507529e+13;6.507529e+13;6.507529e+13;6.507529e+13;6.507529e+13;6.507529e+13;6.507529e+13;6.507529e+13;6.507529e+13;,K=2
wine:2.962226e+13;2.962226e+13;2.962226e+13;2.962226e+13;2.962226e+13;2.962226e+13;2.962226e+13;2.872329e+13;2.962226e+13;2.962226e+13;,K=3
wine:1.895093e+13;1.895093e+13;1.895093e+13;1.865800e+13;1.904950e+13;1.904950e+13;1.895093e+13;1.904950e+13;1.895093e+13;1.895093e+13;,K=4
wine:1.008776e+13;1.008776e+13;1.008776e+13;1.008776e+13;1.008776e+13;1.008776e+13;1.008776e+13;1.008776e+13;1.008776e+13;1.008776e+13;,K=6
wine:7.232459e+12;7.345635e+12;7.345635e+12;7.345635e+12;7.345635e+12;6.925986e+12;7.345635e+12;7.345635e+12;7.345635e+12;7.345635e+12;,K=7
wine:5.061534e+12;4.929370e+12;5.061534e+12;4.969394e+12;5.061534e+12;5.061534e+12;5.061534e+12;5.061534e+12;5.061534e+12;5.061534e+12;,K=10
122-11-5-13:34:46
wine:1.000000e+14;1.000000e+14;1.000000e+14;1.000000e+14;1.000000e+14;1.000000e+14;1.000000e+14;1.000000e+14;1.000000e+14;1.000000e+14;,K=2
wine:1.000000e+14;1.000000e+14;1.000000e+14;1.000000e+14;1.000000e+14;1.000000e+14;1.000000e+14;1.000000e+14;1.000000e+14;1.000000e+14;,K=3
wine:1.000000e+14;1.000000e+14;1.000000e+14;1.000000e+14;1.000000e+14;1.000000e+14;1.000000e+14;1.000000e+14;1.000000e+14;1.000000e+14;,K=4
wine:1.000000e+14;1.000000e+14;1.000000e+14;1.000000e+14;1.000000e+14;1.000000e+14;1.000000e+14;1.000000e+14;1.000000e+14;1.000000e+14;,K=6
wine:1.000000e+14;1.000000e+14;1.000000e+14;1.000000e+14;1.000000e+14;1.000000e+14;1.000000e+14;1.000000e+14;1.000000e+14;1.000000e+14;,K=7
wine:1.000000e+14;1.000000e+14;1.000000e+14;1.000000e+14;1.000000e+14;1.000000e+14;1.000000e+14;1.000000e+14;1.000000e+14;1.000000e+14;,K=10
122-11-5-13:35:33
122-11-5-13:35:42
wine:6.507529e+13;6.507529e+13;6.507529e+13;6.507529e+13;6.507529e+13;6.507529e+13;6.507529e+13;6.507529e+13;6.507529e+13;6.507529e+13;,K=2
wine:2.962226e+13;2.962226e+13;2.962226e+13;2.962226e+13;2.872532e+13;2.962226e+13;2.962226e+13;2.962226e+13;2.962226e+13;2.962226e+13;,K=3
wine:1.904950e+13;1.904950e+13;1.904950e+13;1.895093e+13;1.865800e+13;1.864777e+13;1.904950e+13;1.904950e+13;1.853024e+13;1.904950e+13;,K=4
wine:1.008776e+13;1.008776e+13;1.008776e+13;1.008776e+13;1.008776e+13;9.571945e+12;1.008776e+13;1.008776e+13;1.008776e+13;1.008776e+13;,K=6
122-11-5-13:41:1
wine:6.507529e+12;6.507529e+12;6.507529e+12;6.507529e+12;6.507529e+12;6.507529e+12;6.507529e+12;6.507529e+12;6.507529e+12;6.507529e+12;,K=2
wine:2.872532e+12;2.872329e+12;2.872532e+12;2.872532e+12;2.872532e+12;2.872532e+12;2.962226e+12;2.872329e+12;2.872532e+12;2.872532e+12;,K=3
wine:1.864777e+12;1.853024e+12;1.895093e+12;1.864777e+12;1.864777e+12;1.864777e+12;1.864777e+12;1.894070e+12;1.864777e+12;1.865800e+12;,K=4
wine:9.377357e+11;9.377357e+11;9.397476e+11;9.411495e+11;9.377357e+11;9.442277e+11;9.539692e+11;9.377357e+11;9.377357e+11;9.408139e+11;,K=6
wine:6.781599e+11;6.922055e+11;6.842255e+11;6.909441e+11;6.836762e+11;6.786432e+11;6.785724e+11;6.859169e+11;7.172925e+11;7.249199e+11;,K=7
wine:4.938081e+11;4.731140e+11;5.002199e+11;5.061534e+11;5.014467e+11;4.920186e+11;4.972805e+11;4.931895e+11;4.853320e+11;4.936884e+11;,K=10
wine:4.259599e+11;4.121791e+11;4.121791e+11;4.009728e+11;4.233469e+11;3.963930e+11;4.139875e+11;3.980537e+11;4.121791e+11;4.014194e+11;,K=11
wine:3.214611e+11;3.488913e+11;3.406169e+11;3.309507e+11;3.507472e+11;3.439245e+11;3.261682e+11;3.208296e+11;3.210544e+11;3.173911e+11;,K=13
wine:2.747469e+11;2.437177e+11;2.622693e+11;2.624927e+11;2.460829e+11;2.634049e+11;2.625884e+11;2.427996e+11;2.436697e+11;2.629080e+11;,K=15
wine:1.610810e+11;1.377463e+11;1.466937e+11;1.610718e+11;1.374279e+11;1.367781e+11;1.353963e+11;1.722372e+11;1.636265e+11;1.737925e+11;,K=20
122-11-5-13:43:3
wine:6.507529e+12;6.507529e+12;6.507529e+12;6.507529e+12;6.507529e+12;6.507529e+12;6.507529e+12;6.507529e+12;6.507529e+12;6.507529e+12;,K=2
wine:2.872532e+12;2.962226e+12;2.872329e+12;2.872532e+12;2.872329e+12;2.872329e+12;2.872329e+12;2.872532e+12;2.872532e+12;2.962226e+12;,K=3
wine:1.894070e+12;1.894070e+12;1.864777e+12;1.853024e+12;1.864777e+12;1.853024e+12;1.864777e+12;1.865800e+12;1.865800e+12;1.864777e+12;,K=4
wine:9.397476e+11;9.539692e+11;9.933100e+11;9.417729e+11;9.377357e+11;9.408139e+11;9.408139e+11;9.603671e+11;9.397476e+11;9.539692e+11;,K=6
wine:6.909441e+11;6.902876e+11;6.932556e+11;6.909441e+11;6.932556e+11;6.922055e+11;6.786432e+11;6.726716e+11;6.909441e+11;6.902876e+11;,K=7
wine:5.015304e+11;4.866184e+11;4.929370e+11;5.008875e+11;5.030731e+11;4.970210e+11;4.907906e+11;4.999937e+11;4.908899e+11;4.950207e+11;,K=10
wine:4.259599e+11;4.256085e+11;4.071527e+11;4.119774e+11;4.110763e+11;4.309120e+11;4.309843e+11;4.321728e+11;4.322722e+11;4.117325e+11;,K=11
wine:3.463952e+11;3.068134e+11;3.330151e+11;3.504514e+11;3.137151e+11;3.486909e+11;3.601952e+11;3.427458e+11;3.332193e+11;3.120790e+11;,K=13
wine:2.438357e+11;2.442208e+11;2.615883e+11;2.652089e+11;2.633605e+11;2.442208e+11;2.621094e+11;2.634786e+11;2.611315e+11;2.615784e+11;,K=15
wine:1.402114e+11;1.610484e+11;1.353229e+11;1.622535e+11;1.405509e+11;1.394937e+11;1.373580e+11;1.601157e+11;1.616975e+11;1.737925e+11;,K=20
122-11-5-14:13:9
122-11-5-14:13:22
122-11-5-14:15:11
122-11-5-14:16:28
122-11-5-14:17:11
122-11-5-14:17:31
122-11-5-14:19:12
122-11-5-14:20:41
122-11-5-14:21:12
122-11-5-14:22:25
122-11-5-14:23:26
122-11-5-14:24:15
122-11-5-14:24:25
wine:6.507528e+12;6.507528e+12;6.507528e+12;6.507528e+12;6.507528e+12;6.507528e+12;6.507528e+12;6.507528e+12;6.507528e+12;6.507528e+12;,K=2
wine:2.962226e+12;2.962226e+12;2.872532e+12;2.872532e+12;2.872329e+12;2.872329e+12;2.872329e+12;2.872532e+12;2.872532e+12;2.872532e+12;,K=3
wine:1.864777e+12;1.894070e+12;1.864777e+12;1.895093e+12;1.865800e+12;1.864777e+12;1.865800e+12;1.904950e+12;1.865800e+12;1.865800e+12;,K=4
wine:9.411495e+11;9.411495e+11;9.964063e+11;9.377357e+11;9.408138e+11;9.570473e+11;9.957829e+11;9.570473e+11;9.377357e+11;9.397476e+11;,K=6
wine:6.905316e+11;6.859169e+11;6.836762e+11;6.781599e+11;6.909441e+11;7.236584e+11;6.786432e+11;6.905316e+11;6.795452e+11;6.726472e+11;,K=7
wine:4.999937e+11;5.001156e+11;4.939291e+11;5.036728e+11;4.939009e+11;4.957918e+11;4.950886e+11;4.930786e+11;4.809099e+11;4.866184e+11;,K=10
wine:4.124518e+11;4.034759e+11;4.309120e+11;3.963930e+11;4.088134e+11;4.014194e+11;4.017978e+11;4.017978e+11;3.920458e+11;4.148473e+11;,K=11
wine:3.140757e+11;3.279524e+11;2.960783e+11;3.296174e+11;3.420316e+11;3.431944e+11;3.497551e+11;3.500688e+11;3.208437e+11;3.312921e+11;,K=13
wine:2.427039e+11;2.331790e+11;2.444903e+11;2.430820e+11;2.615883e+11;2.617118e+11;2.430700e+11;2.632132e+11;2.437843e+11;2.626846e+11;,K=15
wine:1.385891e+11;1.618203e+11;1.401387e+11;1.366629e+11;1.398393e+11;1.386169e+11;1.409903e+11;1.659959e+11;1.622305e+11;1.628851e+11;,K=20
122-11-5-14:58:25
wine:6.507698e+11;6.507698e+11;6.507698e+11;6.507698e+11;6.507698e+11;6.507698e+11;6.507698e+11;6.507698e+11;6.507698e+11;6.507698e+11;,K=2
wine:2.872694e+11;2.872490e+11;2.872694e+11;2.962389e+11;2.872490e+11;2.872694e+11;2.872694e+11;2.872694e+11;2.872490e+11;2.872490e+11;,K=3
wine:1.864932e+11;1.865955e+11;1.864932e+11;1.865955e+11;1.865955e+11;1.864932e+11;1.853178e+11;1.865955e+11;1.864932e+11;1.864932e+11;,K=4
wine:9.419325e+10;1.008936e+11;9.618959e+10;9.572057e+10;1.008936e+11;9.399058e+10;9.399058e+10;9.586606e+10;9.494878e+10;9.991680e+10;,K=6
wine:6.911038e+10;7.250775e+10;6.787321e+10;6.838339e+10;6.787321e+10;7.347205e+10;6.923655e+10;7.170921e+10;7.261268e+10;6.934148e+10;,K=7
wine:4.632960e+10;5.010360e+10;4.939254e+10;4.945908e+10;4.867957e+10;4.786834e+10;4.897593e+10;5.006230e+10;4.819031e+10;4.663907e+10;,K=10
wine:4.263819e+10;4.311658e+10;3.997867e+10;4.040869e+10;4.119781e+10;4.015687e+10;4.121259e+10;4.242244e+10;4.072999e+10;4.236439e+10;,K=11
wine:3.603491e+10;3.297204e+10;3.292572e+10;3.396603e+10;3.222495e+10;3.420333e+10;3.232559e+10;3.323990e+10;3.232559e+10;3.322840e+10;,K=13
wine:2.625009e+10;2.627546e+10;2.443749e+10;2.439365e+10;2.530433e+10;2.624210e+10;2.633331e+10;2.624210e+10;2.612560e+10;2.624210e+10;,K=15
wine:1.399051e+10;1.412273e+10;1.355167e+10;1.394072e+10;1.638318e+10;1.639677e+10;1.365562e+10;1.399746e+10;1.358943e+10;1.640893e+10;,K=20
wine:6.507698e+11;6.507698e+11;6.507698e+11;6.507698e+11;6.507698e+11;6.507698e+11;6.507698e+11;6.507698e+11;6.507698e+11;6.507698e+11;,K=2
wine:2.872694e+11;2.962389e+11;2.872490e+11;2.962389e+11;2.872694e+11;2.872694e+11;2.872694e+11;2.872490e+11;2.872694e+11;2.962389e+11;,K=3
wine:1.864932e+11;1.894225e+11;1.895247e+11;1.865955e+11;1.864932e+11;1.864932e+11;1.864932e+11;1.865955e+11;1.864932e+11;1.894225e+11;,K=4
wine:9.419325e+10;9.399058e+10;9.494878e+10;9.378952e+10;9.378952e+10;9.413094e+10;9.572057e+10;9.494878e+10;9.547520e+10;9.409720e+10;,K=6
wine:6.788009e+10;6.838339e+10;7.242423e+10;6.906911e+10;6.923655e+10;6.934148e+10;6.837652e+10;6.783194e+10;6.810431e+10;7.238158e+10;,K=7
wine:5.032647e+10;4.940823e+10;4.965776e+10;4.960378e+10;4.975667e+10;4.799234e+10;4.959779e+10;4.925529e+10;5.001431e+10;4.896965e+10;,K=10
wine:4.121259e+10;4.220636e+10;4.033736e+10;4.252720e+10;4.279126e+10;4.119947e+10;3.908593e+10;4.018429e+10;4.015687e+10;4.022733e+10;,K=11
wine:3.487989e+10;3.228024e+10;3.371159e+10;3.222577e+10;3.315162e+10;3.112262e+10;3.391547e+10;3.224053e+10;3.211433e+10;3.351744e+10;,K=13
wine:2.634017e+10;2.628970e+10;2.633664e+10;2.432338e+10;2.443749e+10;2.627431e+10;2.443749e+10;2.446462e+10;2.751229e+10;2.766404e+10;,K=15
wine:1.739293e+10;1.739293e+10;1.699308e+10;1.376778e+10;1.739293e+10;1.632677e+10;1.687063e+10;1.349015e+10;1.350214e+10;1.335856e+10;,K=20
122-11-5-16:0:47
122-11-5-16:35:4
wine:6.507698e+11;6.507698e+11;6.507698e+11;6.507698e+11;6.507698e+11;6.507698e+11;6.507698e+11;6.507698e+11;6.507698e+11;6.507698e+11;,K=2
wine:2.962389e+11;2.872694e+11;2.962389e+11;2.962389e+11;2.872694e+11;2.872490e+11;2.872490e+11;2.872490e+11;2.872694e+11;2.962389e+11;,K=3
wine:1.864932e+11;1.895247e+11;1.864932e+11;1.864932e+11;1.864932e+11;1.864932e+11;1.864932e+11;1.864932e+11;1.894225e+11;1.853178e+11;,K=4
wine:9.965658e+10;9.378952e+10;9.443862e+10;9.959427e+10;9.959427e+10;9.399058e+10;9.443862e+10;9.413094e+10;9.573542e+10;9.419325e+10;,K=6
wine:6.810431e+10;7.242423e+10;6.788009e+10;7.328032e+10;7.160645e+10;6.911038e+10;7.165460e+10;6.906911e+10;7.261268e+10;7.274475e+10;,K=7
wine:4.931005e+10;5.063016e+10;4.805231e+10;4.897245e+10;4.867957e+10;4.799234e+10;4.786834e+10;4.982832e+10;4.897245e+10;4.626349e+10;,K=10
wine:4.141326e+10;4.295769e+10;4.226354e+10;4.322491e+10;4.072999e+10;4.019475e+10;3.965410e+10;4.268122e+10;4.220636e+10;4.018429e+10;,K=11
wine:3.333754e+10;3.333752e+10;3.035140e+10;3.209817e+10;3.463657e+10;3.275549e+10;3.196281e+10;3.198376e+10;3.142106e+10;3.422176e+10;,K=13
wine:2.610576e+10;2.428574e+10;2.633664e+10;2.435760e+10;2.766404e+10;2.443749e+10;2.451489e+10;2.634300e+10;2.439870e+10;2.618842e+10;,K=15
wine:1.605678e+10;1.431199e+10;1.377197e+10;1.399746e+10;1.382277e+10;1.378816e+10;1.392105e+10;1.412059e+10;1.603121e+10;1.358943e+10;,K=20
122-11-5-16:38:39
wine:650769752771;650769752781;650769752789;650769752789;650769752790;650769752773;650769752795;650769752790;650769752780;650769752793;,K=2
wine:287249009997;287269426505;287249010001;287269426532;287269426524;287249010000;287269426497;287269426518;287249010011;287269426481;,K=3
wine:186595497630;186595497638;185317802724;186595497615;189524736262;185317802720;186493246501;189524736264;186595497634;186493246525;,K=4
wine:93990577810;95720574481;100893617061;93789517820;94097197808;95412894503;95735421157;94193247816;99901953784;93990577811;,K=6
wine:69110375386;72787394765;67280247535;69110375417;69110375394;68376515541;69341479246;68104311383;72381579394;73346441998;,K=7
wine:48905842490;48973120599;48192363404;47572895456;49333776146;49401170275;47510089902;49310045421;50159241177;49195321235;,K=10
wine:40184293006;40112271327;41260186848;42610761768;40194746319;41232761762;42349606985;42411986760;43106130515;42638186766;,K=11
wine:33209489009;34351762656;31857512634;33032237384;33069621502;32418121440;33351662649;33253096770;33313554953;31377799517;,K=13
wine:26419193946;24464618951;26270550759;26407518921;24295266687;26205134836;26229721975;26264784090;24437494687;24357600015;,K=15
wine:14290398617;16881094540;16183033336;16348401391;14102184831;14332333336;16005165271;16323255565;16330470879;13945166732;,K=20
2022-12-5-16:41:8
wine:650769752786;650769752797;650769752758;650769752733;650769752796;650769752793;650769752783;650769752772;650769752791;650769752786;,K=2
wine:287249009989;287249009979;287269426511;287249010000;287249010000;287269426519;287249010000;287269426514;287269426523;287269426520;,K=3
wine:186493246511;186595497624;186595497618;186595497615;186493246490;186493246511;190510520293;186595497606;189524736253;186493246506;,K=4
wine:95412894487;94948781584;94438624481;93789517830;94438624484;95412894489;93789517800;93990577817;90394765057;93789517808;,K=6
wine:68383393699;69236546031;69044820164;69341479233;71654597702;69236545995;69110375392;69341479268;69069105699;67873207545;,K=7
wine:48750615698;47326439915;49796041509;49401170252;50322469607;49084302952;49591413076;49405424816;49382313725;48481149677;,K=10
wine:41260186766;43259199270;40121913236;43277399271;40362200379;40156868025;40156868025;41220312920;42648640076;40729991922;,K=11
wine:32136209344;36034911193;30547937869;31309786858;32372712107;32038481894;32240533535;34013742908;34757238505;32344283537;,K=13
wine:24323374998;24285741677;24437494713;24323374993;26286016662;26233243190;26242100757;26226054546;26280191667;26251791662;,K=15
wine:13538577760;13990334749;16550249999;16325748611;13754229163;13766229168;16451215281;13737202797;14567150023;13592670891;,K=20
2022-12-5-16:43:9
wine:650769752781;650769752782;650769752777;650769752779;650769752735;650769752627;650769752791;650769752786;650769752775;650769752785;,K=2
wine:278524973892;287269426525;287269426524;287269426507;296238870628;287249010004;287269426511;287249009996;287249009989;287269426519;,K=3
wine:185317802731;185317802736;186493246502;186595497628;189524736257;189524736264;186493246523;189422485150;186493246507;189422485152;,K=4
wine:94097197798;94948781590;95475197816;94130944475;94193247817;95720574457;100893617132;94948781616;95412894484;95720574512;,K=6
wine:72381579379;69069105698;68607619386;69110375384;68383393680;72424226779;68607619391;72381579388;72612683246;71975907231;,K=7
wine:48173797075;49478400680;49252485302;49300537909;48867654594;48054795380;50630156610;49255290900;49868035945;50630156572;,K=10
wine:43281437861;43294149638;42349606976;43294149617;41881791927;43294149688;43294149630;43259199263;43294149666;43294149687;,K=11
wine:34319069785;34087797262;32635454954;31779219820;31353821972;34516148451;31857512657;36034911209;35589721431;33355935730;,K=13
wine:26264784086;24437494697;26247867451;24464618951;24437494751;24322506840;24437494683;26264784128;24322506828;24295266672;,K=15
2022-12-5-16:44:16
wine:650769752795;650769752769;650769752789;650769752787;650769752781;650769752793;650769752784;650769752785;650769752781;650769752788;,K=2
wine:287249009998;296238870630;287269426519;287269426525;296238870628;287269426510;278524973893;287269426525;287269426518;287249010007;,K=3
wine:185317802726;189524736262;185317802720;189524736260;186493246500;185317802726;189422485147;186595497621;186595497625;189422485143;,K=4
wine:94097197822;99656577119;99916800468;100893617183;100893617260;94097197803;99594273791;100893617130;94438624496;100893617210;,K=6
wine:73472047024;72703477699;73472047194;73346441994;69236546003;69110375391;68201395231;69110375382;73472047206;64621223400;,K=7
wine:49192515698;48978275818;49320191498;50630156666;48679571576;49336581711;50630156563;48243880713;50630156556;49690224271;,K=10
2022-12-5-16:45:4
wine:650769752776;650769752761;650769752754;650769752778;650769752793;650769752788;650769752785;650769752790;650769752787;650769752783;,K=2
wine:287269426524;287269426515;296238870631;287269426507;287269426515;287269426521;287269426525;287269426511;296238870603;287249010000;,K=3
wine:186595497622;186493246517;186493246519;185317802730;189422485142;186493246512;186493246506;186595497615;186493246523;189524736262;,K=4
wine:93789517803;94438624475;93990577823;94193247807;93789517818;94130944471;93990577803;94438624481;94130944473;94193247815;,K=6
wine:72381579368;68607619381;68376515532;67873207556;69236545995;71647719552;69474332316;69236545992;67873207545;72744747384;,K=7
wine:50382108824;49591880416;48756437908;49931478099;50326465687;49204085620;49408230382;48970010470;48972453589;49338013725;,K=10
wine:42206360653;42610761775;41413255521;40194746330;41197806984;40156868073;42206360686;43257073166;40112271330;41188165065;,K=11
wine:32831696704;31353763769;34180693406;31823693407;32244101658;31519190102;34218536260;33768764862;32004963203;32409098918;,K=13
wine:24437494705;26264784093;26188421215;26260279551;24492209072;26229721965;24492209091;24382489405;26165741659;26251791666;,K=15
wine:16659145825;16000599978;16902030736;17050295914;16313958365;17392926502;16273690272;13501229167;16317145834;12403861221;,K=20
2022-12-5-16:46:23
wine:650769752804;650769752799;650769752788;650769752801;650769752788;650769752785;650769752789;650769752791;650769752767;650769752765;,K=2
wine:296238870574;287269426517;287249009997;296238870635;296238870627;296238870644;296238870623;296238870642;287269426507;296238870672;,K=3
wine:190510520358;189524736258;189422485150;186595497611;186595497629;185317802726;186493246511;189422485147;185317802726;186595497623;,K=4
wine:94130944484;100893617112;93789517809;94130944508;93789517830;93789517830;95412894494;93990577818;94438624484;100893617080;,K=6
wine:72703477689;64390119556;72381579393;72877600465;69341479220;68950507435;68383393698;69236546007;69275862457;69110375393;,K=7
wine:48934265684;49255290882;49351248040;48807813074;49594218627;50228137249;49325931377;50386435295;48963236247;50092630058;,K=10
wine:43043750729;42422440078;40136691913;41260186763;43078705500;40136691916;42206360676;40112271329;41260186769;40121913230;,K=11
wine:32768491756;34618876914;31428641210;33331515392;33149346687;33572130228;32490051647;32027367590;32103741212;34720169231;,K=13
wine:26165737875;23333509190;23949092458;26200296979;26241396959;26165737887;24437494697;26200296968;24398699998;26264784090;,K=15
wine:14057722363;16344522231;16643581991;13756384766;13976700047;13849455647;17193570872;14078900090;16318627771;17220108361;,K=20
2022-12-5-16:53:59
wine:650769752787;650769752789;650769752785;650769752781;650769752781;650769752767;650769752786;650769752777;650769752793;650769752777;,K=2
wine:287249009993;287269426504;287249010000;296238870618;287249009995;287269426522;287269426520;287249009994;296238870628;287249009992;,K=3
wine:186595497625;186595497624;186595497625;186493246504;186493246516;189524736257;186595497635;189422485150;185317802729;185317802732;,K=4
wine:100893617112;93789517820;99656577118;100893617117;94130944502;94097197802;93990577822;93789517838;99594273791;93990577807;,K=6
wine:69153022769;72381579387;69069105692;72424226773;67280247536;71606449828;72744747394;69069105705;71975907246;73472047108;,K=7
wine:50630156546;50630156640;49698669327;50630156471;50630156560;50167868944;50326465682;49828319252;50630156548;49211716982;,K=10
wine:43157523530;43294149698;43294149653;42349606987;43294149655;43294149698;43232594115;40121913237;43294149617;43294149607;,K=11
wine:35178679721;34006736315;36034911140;36034911046;36034911211;36034911067;32090598357;32293970884;35211264834;36034911070;,K=13
wine:27664040198;27664040231;25034344697;26485112877;26301379550;27664040286;24464618936;27664040214;24295266676;24492209091;,K=15
wine:16256331951;13407294515;16246590279;17392926414;17392926411;16497715287;16044718083;16439091668;16395122247;13918247236;,K=20
2022-12-5-17:14:44
wine:650769752768;650769752613;650769752779;650769752775;650769752794;650769752784;650769752790;650769752711;650769752773;650769752691;,K=2
wine:287269426449;296238870521;296238870622;296238870524;296238870422;296238870380;296238870559;296238870511;296238870488;296238870421;,K=3
wine:190510520195;190510520265;190510520105;190510520176;190510520208;189524736244;190510520273;190510520046;186493246496;190510520255;,K=4
wine:100893616875;100893617110;100893617152;100893617061;100893617059;100893616978;100893617127;100893616938;100893617065;93990577802;,K=6
wine:72547066456;69275862433;67831937786;73472046909;73472047073;73472047008;73472047044;73472046956;73472046883;73380376504;,K=7
wine:50630156524;50630156553;50630156487;50630156371;49453541830;50630156487;50630156422;50630156534;50630156417;50252252913;,K=10
wine:43294149544;43294149566;41881791909;43294149584;41197806953;43145707318;43294149575;43294149543;43294149597;43294149601;,K=11
wine:36034910957;36034910986;36034911086;36061972795;36034910957;36034910939;36034910975;36034910560;36034911010;36034910834;,K=13
wine:27664040229;26188421206;27664040035;26233243173;27664040118;26287724991;27658915157;27664039983;27489603778;27664040077;,K=15
wine:17392926445;17392926363;17392926456;17392926638;17392926380;17392926176;16972400085;17392926435;17392926418;17392926212;,K=20
2022-12-5-17:16:31
wine:6507697528009;6507697528058;6507697528113;6507697528044;6507697528046;6507697528031;6507697528014;6507697528050;6507697528042;6507697528068;,K=2
wine:2962388706345;2962388706362;2962388706261;2962388706403;2962388706416;2962388706375;2962388706366;2962388706440;2962388706303;2962388706369;,K=3
wine:1905105202967;1905105203010;1905105202977;1905105203042;1905105202988;1865954976277;1865954976276;1905105203019;1905105203050;1853178027265;,K=4
wine:1008936171298;1008936171130;941309444835;999217774711;1008936171249;1008936171113;1008936171249;1008936171111;1008936171215;944386244826;,K=6
wine:718788233826;734720470748;734720470639;734720470593;681043113781;683765155393;734720470773;734720470692;734720470710;734720470643;,K=7
wine:506301565416;501035980388;506301565368;506301565327;506301565266;498014248345;506301565158;506301565254;498283192815;506301565324;,K=10
wine:432941496249;432941496249;432941496358;432941496186;401842930124;432941496303;432941496254;432941496269;432941496198;432941496204;,K=11
wine:360349109914;360349109866;360349109902;315191901081;360349109863;360349109891;360349109993;360349109997;360349109854;360349109883;,K=13
wine:276640401491;276640401411;276640401424;276640401349;262647840906;276640401494;276640401389;276640401498;262647840877;264646537832;,K=15
wine:173929263754;173929263683;173929263958;173929263838;173929263655;173929263951;173929263771;173929263708;164280569402;173929263871;,K=20
2023-1-7-18:58:26
2023-1-7-19:6:6
wine:6.507529e+06;6.507529e+06;6.507529e+06;6.507529e+06;6.507529e+06;6.507529e+06;6.507529e+06;6.507529e+06;6.507529e+06;6.507529e+06;,K=2
wine:2.872532e+06;2.872532e+06;2.872532e+06;2.872532e+06;2.962226e+06;2.872532e+06;2.872532e+06;2.872532e+06;2.872532e+06;2.872532e+06;,K=3
wine:1.894070e+06;1.864777e+06;1.864777e+06;1.865800e+06;1.865800e+06;1.853024e+06;1.865800e+06;1.864777e+06;1.894070e+06;1.865800e+06;,K=4
wine:1.008776e+06;9.964063e+05;9.617379e+05;1.008776e+06;1.008776e+06;1.008776e+06;9.408139e+05;9.377357e+05;9.377357e+05;9.377357e+05;,K=6
wine:7.345635e+05;7.345635e+05;7.345635e+05;7.345635e+05;6.726716e+05;6.909441e+05;7.345635e+05;6.933853e+05;7.345635e+05;6.932556e+05;,K=7
wine:4.938081e+05;4.957636e+05;4.936047e+05;4.896062e+05;4.775732e+05;4.981310e+05;5.061534e+05;4.986990e+05;4.811074e+05;5.010315e+05;,K=10
wine:4.121791e+05;4.327903e+05;4.277682e+05;4.324476e+05;4.255066e+05;4.327903e+05;4.326236e+05;4.320982e+05;4.327903e+05;4.327903e+05;,K=11
wine:3.471614e+05;3.065137e+05;3.601952e+05;3.459256e+05;3.561235e+05;3.184771e+05;3.523467e+05;3.229213e+05;3.601952e+05;3.280310e+05;,K=13
2023-1-13-21:2:25
2023-1-14-7:54:44
wine:6.507529e+06;6.507529e+06;6.507529e+06;6.507529e+06;6.507529e+06;6.507529e+06;6.507529e+06;6.507529e+06;6.507529e+06;6.507529e+06;,K=2
2023-1-14-7:54:56
wine:6.507529e+06;6.507529e+06;6.507529e+06;6.507529e+06;6.507529e+06;6.507529e+06;6.507529e+06;6.507529e+06;6.507529e+06;6.507529e+06;,K=2
2023-1-14-8:7:25
2023-1-14-8:9:20
2023-1-14-8:10:14
2023-1-14-8:11:9
2023-1-14-8:11:31
2023-1-14-8:18:33
2023-1-14-8:31:57
2023-1-14-8:42:43
2023-1-14-8:43:6
2023-1-14-8:44:34
2023-1-14-8:45:14
wine:4.753400e+06;6.507529e+06;4.552285e+06;6.507529e+06;6.507529e+06;4.552285e+06;4.451561e+06;4.700455e+06;4.552285e+06;4.491390e+06;,K=2
2023-1-14-8:46:15
2023-1-14-8:47:9
2023-1-14-8:47:41
2023-1-14-8:48:29
2023-1-14-8:49:21
2023-1-14-9:15:0
2023-1-14-9:43:4
2023-1-14-9:44:33
2023-1-14-9:46:23
2023-1-14-9:46:44
wine:6.507529e+06;6.507529e+06;6.507529e+06;6.507529e+06;6.507529e+06;6.507529e+06;6.507529e+06;5.257073e+06;6.507529e+06;6.507529e+06;,K=2
2023-1-14-9:52:52
wine:6.507529e+06;6.507529e+06;6.507529e+06;6.507529e+06;6.507529e+06;6.507529e+06;6.507529e+06;6.507529e+06;6.507529e+06;6.507529e+06;,K=2
wine:2.872532e+06;2.962226e+06;2.962226e+06;2.962226e+06;2.962226e+06;2.962226e+06;2.962226e+06;2.962226e+06;2.962226e+06;2.962226e+06;,K=3
wine:1.904950e+06;1.853024e+06;1.853024e+06;1.864777e+06;1.853024e+06;1.853024e+06;1.864777e+06;1.853024e+06;1.864777e+06;1.894070e+06;,K=4
wine:9.535092e+05;9.603671e+05;1.008776e+06;1.008776e+06;1.008776e+06;9.603671e+05;1.008776e+06;9.668045e+05;1.008776e+06;9.654338e+05;,K=6
2023-1-14-20:33:14
2023-1-14-20:33:51
wine:6.507529e+06;6.507529e+06;6.507529e+06;6.507529e+06;6.507529e+06;6.507529e+06;6.507529e+06;6.507529e+06;6.507529e+06;6.507529e+06;,K=2
wine:2.962226e+06;2.872532e+06;2.962226e+06;2.962226e+06;2.872532e+06;2.872532e+06;2.962226e+06;2.872532e+06;2.962226e+06;2.872532e+06;,K=3
wine:1.853024e+06;1.864777e+06;1.864777e+06;1.894070e+06;1.864777e+06;1.853024e+06;1.894070e+06;1.853024e+06;1.894070e+06;1.853024e+06;,K=4
wine:9.539692e+05;9.617379e+05;9.668045e+05;9.539692e+05;9.668045e+05;1.006461e+06;9.539692e+05;9.603671e+05;9.668045e+05;1.008776e+06;,K=6
wine:6.905316e+05;7.326455e+05;6.831929e+05;7.345635e+05;6.726472e+05;7.214759e+05;6.859169e+05;6.781599e+05;7.285518e+05;6.933853e+05;,K=7
wine:4.957647e+05;5.051115e+05;5.057122e+05;5.061534e+05;5.061534e+05;5.061534e+05;5.034780e+05;5.052658e+05;5.051115e+05;5.061534e+05;,K=10
wine:4.131534e+05;4.128196e+05;4.225130e+05;3.917217e+05;4.131904e+05;4.263049e+05;4.327903e+05;4.099472e+05;4.223301e+05;4.327903e+05;,K=11
wine:3.434524e+05;3.348639e+05;3.370515e+05;3.344006e+05;3.500658e+05;3.400619e+05;3.477276e+05;3.376748e+05;3.201166e+05;3.211137e+05;,K=13
wine:2.764871e+05;2.764871e+05;2.758294e+05;2.649809e+05;2.755271e+05;2.625519e+05;2.764871e+05;2.764871e+05;2.531422e+05;2.749808e+05;,K=15
wine:1.348348e+05;1.447663e+05;1.727534e+05;1.695691e+05;1.725203e+05;1.697960e+05;1.735227e+05;1.719604e+05;1.641060e+05;1.642864e+05;,K=20
2023-1-14-20:46:10
wine:6.507529e+06;6.507529e+06;6.507529e+06;6.507529e+06;6.507529e+06;6.507529e+06;6.507529e+06;6.507529e+06;6.507529e+06;6.507529e+06;,K=2
wine:2.872532e+06;2.872532e+06;2.872532e+06;2.872532e+06;2.962226e+06;2.962226e+06;2.872532e+06;2.872532e+06;2.872532e+06;2.872532e+06;,K=3
wine:1.864777e+06;1.853024e+06;1.853024e+06;1.894070e+06;1.853024e+06;1.853024e+06;1.853024e+06;1.894070e+06;1.853024e+06;1.894070e+06;,K=4
wine:9.539692e+05;9.539692e+05;9.990082e+05;1.008776e+06;9.397476e+05;9.442277e+05;9.545926e+05;1.008776e+06;9.442277e+05;1.008776e+06;,K=6
wine:6.795452e+05;7.345635e+05;6.791925e+05;6.836762e+05;7.345635e+05;6.868897e+05;7.259699e+05;6.905316e+05;7.336468e+05;6.913729e+05;,K=7
wine:5.061534e+05;5.061534e+05;4.929370e+05;4.981310e+05;4.991674e+05;4.674482e+05;5.023699e+05;4.818588e+05;5.008875e+05;4.978096e+05;,K=10
wine:4.317593e+05;4.327903e+05;4.327903e+05;4.327903e+05;4.277682e+05;4.277682e+05;4.327903e+05;4.327903e+05;4.008148e+05;4.327903e+05;,K=11
wine:3.401746e+05;3.450712e+05;3.601952e+05;3.312682e+05;3.455903e+05;3.601952e+05;3.485877e+05;3.267696e+05;3.231075e+05;3.601952e+05;,K=13
wine:2.623285e+05;2.450179e+05;2.494661e+05;2.626484e+05;2.623467e+05;2.651816e+05;2.617118e+05;2.617657e+05;2.457761e+05;2.617313e+05;,K=15
wine:1.408303e+05;1.737925e+05;1.403199e+05;1.737925e+05;1.737925e+05;1.737925e+05;1.737925e+05;1.397655e+05;1.727343e+05;1.737925e+05;,K=20
2023-1-14-21:13:49
wine:6.507529e+06;6.507529e+06;6.507529e+06;6.507529e+06;6.507529e+06;6.507529e+06;6.507529e+06;6.507529e+06;6.507529e+06;6.507529e+06;,K=2
wine:2.962226e+06;2.872532e+06;2.962226e+06;2.962226e+06;2.872532e+06;2.872532e+06;2.962226e+06;2.962226e+06;2.872532e+06;2.872532e+06;,K=3
wine:1.865800e+06;1.853024e+06;1.864777e+06;1.853024e+06;1.853024e+06;1.853024e+06;1.865800e+06;1.864777e+06;1.853024e+06;1.864777e+06;,K=4
wine:9.571945e+05;9.377357e+05;9.408139e+05;9.411495e+05;9.397476e+05;1.008776e+06;9.417729e+05;1.008776e+06;9.571945e+05;1.008776e+06;,K=6
wine:7.345635e+05;7.345635e+05;6.726716e+05;7.333046e+05;6.791925e+05;6.922055e+05;7.345635e+05;7.345635e+05;7.345635e+05;7.285518e+05;,K=7
wine:5.061534e+05;5.061534e+05;4.932259e+05;4.633301e+05;4.858696e+05;4.939009e+05;4.788696e+05;5.061534e+05;5.061534e+05;4.871958e+05;,K=10
wine:4.246725e+05;4.032277e+05;4.327903e+05;4.327903e+05;4.327903e+05;4.121791e+05;4.327903e+05;4.327903e+05;4.320199e+05;4.327903e+05;,K=11
wine:3.240495e+05;3.601952e+05;3.601952e+05;3.008130e+05;3.601952e+05;3.364465e+05;3.383494e+05;3.601952e+05;3.532510e+05;3.419170e+05;,K=13
wine:2.753442e+05;2.615784e+05;2.617657e+05;2.628708e+05;2.633125e+05;2.463921e+05;2.635177e+05;2.430821e+05;2.424806e+05;2.639601e+05;,K=15
wine:1.714113e+05;1.647731e+05;1.715941e+05;1.732656e+05;1.719179e+05;1.737925e+05;1.734568e+05;1.683811e+05;1.686735e+05;1.736320e+05;,K=20
2023-2-1-18:43:21   random/greedy=0.5
2023-2-1-18:44:16   random/greedy=0.5
