0.58 0.58 0.58 0.58 0.58 0.58 0.58 0.58 0.58 0.58
0.46 0.46 0.46 0.46 0.46 0.46 0.46 0.46 0.46 0.46
0.69 0.69 0.69 0.69 0.69 0.69 0.69 0.69 0.69 0.69
0.73 0.73 0.73 0.73 0.73 0.73 0.73 0.73 0.73 0.73
0.67 0.67 0.67 0.67 0.67 0.67 0.67 0.67 0.67 0.67
0.90 0.90 0.90 0.90 0.90 0.90 0.90 0.90 0.90 0.90
0.84 0.84 0.84 0.84 0.84 0.84 0.84 0.84 0.84 0.84
0.79 0.79 0.79 0.79 0.79 0.79 0.79 0.79 0.79 0.79
0.57 0.57 0.57 0.57 0.57 0.57 0.57 0.57 0.57 0.57
0.64 0.64 0.64 0.64 0.64 0.64 0.64 0.64 0.64 0.64
0.61 0.61 0.61 0.61 0.61 0.61 0.61 0.61 0.61 0.61
0.48 0.48 0.48 0.48 0.48 0.48 0.48 0.48 0.48 0.48
0.59 0.59 0.59 0.59 0.59 0.59 0.59 0.59 0.59 0.59
0.51 0.51 0.51 0.51 0.51 0.51 0.51 0.51 0.51 0.51
0.55 0.55 0.55 0.55 0.55 0.55 0.55 0.55 0.55 0.55
0.63 0.63 0.63 0.63 0.63 0.63 0.63 0.63 0.63 0.63
0.71 0.71 0.71 0.71 0.71 0.71 0.71 0.71 0.71 0.71
0.72 0.72 0.72 0.72 0.72 0.72 0.72 0.72 0.72 0.72
0.82 0.82 0.82 0.82 0.82 0.82 0.82 0.82 0.82 0.82
0.90 0.90 0.90 0.90 0.90 0.90 0.90 0.90 0.90 0.90
3.26 3.26 3.26 3.26 3.26 3.26 3.26 3.26 3.26 3.26
2.14 2.14 2.14 2.14 2.14 2.14 2.14 2.14 2.14 2.14
2.16 2.16 2.16 2.16 2.16 2.16 2.16 2.16 2.16 2.16
3.26 3.26 3.26 3.26 3.26 3.26 3.26 3.26 3.26 3.26
1.96 1.96 1.96 1.96 1.96 1.96 1.96 1.96 1.96 1.96
1.89 1.89 1.89 1.89 1.89 1.89 1.89 1.89 1.89 1.89
2.08 2.08 2.08 2.08 2.08 2.08 2.08 2.08 2.08 2.08
2.07 2.07 2.07 2.07 2.07 2.07 2.07 2.07 2.07 2.07
1.96 1.96 1.96 1.96 1.96 1.96 1.96 1.96 1.96 1.96
1.73 1.73 1.73 1.73 1.73 1.73 1.73 1.73 1.73 1.73
0.93 0.93 0.93 0.93 0.93 0.93 0.93 0.93 0.93 0.93
1.60 1.60 1.60 1.60 1.60 1.60 1.60 1.60 1.60 1.60
1.77 1.77 1.77 1.77 1.77 1.77 1.77 1.77 1.77 1.77
2.76 2.76 2.76 2.76 2.76 2.76 2.76 2.76 2.76 2.76
1.65 1.65 1.65 1.65 1.65 1.65 1.65 1.65 1.65 1.65
2.50 2.50 2.50 2.50 2.50 2.50 2.50 2.50 2.50 2.50
1.57 1.57 1.57 1.57 1.57 1.57 1.57 1.57 1.57 1.57
1.78 1.78 1.78 1.78 1.78 1.78 1.78 1.78 1.78 1.78
1.82 1.82 1.82 1.82 1.82 1.82 1.82 1.82 1.82 1.82
1.49 1.49 1.49 1.49 1.49 1.49 1.49 1.49 1.49 1.49
5.30 5.30 5.30 5.30 5.30 5.30 5.30 5.30 5.30 5.30
9.21 9.21 9.21 9.21 9.21 9.21 9.21 9.21 9.21 9.21
9.69 9.69 9.69 9.69 9.69 9.69 9.69 9.69 9.69 9.69
7.64 7.64 7.64 7.64 7.64 7.64 7.64 7.64 7.64 7.64
8.53 8.53 8.53 8.53 8.53 8.53 8.53 8.53 8.53 8.53
7.62 7.62 7.62 7.62 7.62 7.62 7.62 7.62 7.62 7.62
7.22 7.22 7.22 7.22 7.22 7.22 7.22 7.22 7.22 7.22
7.13 7.13 7.13 7.13 7.13 7.13 7.13 7.13 7.13 7.13
7.71 7.71 7.71 7.71 7.71 7.71 7.71 7.71 7.71 7.71
6.57 6.57 6.57 6.57 6.57 6.57 6.57 6.57 6.57 6.57
12.10 12.10 12.10 12.10 12.10 12.10 12.10 12.10 12.10 12.10
10.45 10.45 10.45 10.45 10.45 10.45 10.45 10.45 10.45 10.45
13.29 13.29 13.29 13.29 13.29 13.29 13.29 13.29 13.29 13.29
16.80 16.80 16.80 16.80 16.80 16.80 16.80 16.80 16.80 16.80
6.16 6.16 6.16 6.16 6.16 6.16 6.16 6.16 6.16 6.16
7.50 7.50 7.50 7.50 7.50 7.50 7.50 7.50 7.50 7.50
6.86 6.86 6.86 6.86 6.86 6.86 6.86 6.86 6.86 6.86
8.69 8.69 8.69 8.69 8.69 8.69 8.69 8.69 8.69 8.69
7.14 7.14 7.14 7.14 7.14 7.14 7.14 7.14 7.14 7.14
7.62 7.62 7.62 7.62 7.62 7.62 7.62 7.62 7.62 7.62
14.85 14.85 14.85 14.85 14.85 14.85 14.85 14.85 14.85 14.85
9.78 9.78 9.78 9.78 9.78 9.78 9.78 9.78 9.78 9.78
8.98 8.98 8.98 8.98 8.98 8.98 8.98 8.98 8.98 8.98
14.20 14.20 14.20 14.20 14.20 14.20 14.20 14.20 14.20 14.20
7.73 7.73 7.73 7.73 7.73 7.73 7.73 7.73 7.73 7.73
10.35 10.35 10.35 10.35 10.35 10.35 10.35 10.35 10.35 10.35
9.49 9.49 9.49 9.49 9.49 9.49 9.49 9.49 9.49 9.49
8.62 8.62 8.62 8.62 8.62 8.62 8.62 8.62 8.62 8.62
9.45 9.45 9.45 9.45 9.45 9.45 9.45 9.45 9.45 9.45
7.45 7.45 7.45 7.45 7.45 7.45 7.45 7.45 7.45 7.45
13.18 13.18 13.18 13.18 13.18 13.18 13.18 13.18 13.18 13.18
12.03 12.03 12.03 12.03 12.03 12.03 12.03 12.03 12.03 12.03
12.04 12.04 12.04 12.04 12.04 12.04 12.04 12.04 12.04 12.04
14.87 14.87 14.87 14.87 14.87 14.87 14.87 14.87 14.87 14.87
19.08 19.08 19.08 19.08 19.08 19.08 19.08 19.08 19.08 19.08
15.42 15.42 15.42 15.42 15.42 15.42 15.42 15.42 15.42 15.42
10.20 10.20 10.20 10.20 10.20 10.20 10.20 10.20 10.20 10.20
14.70 14.70 14.70 14.70 14.70 14.70 14.70 14.70 14.70 14.70
15.53 15.53 15.53 15.53 15.53 15.53 15.53 15.53 15.53 15.53
11.42 11.42 11.42 11.42 11.42 11.42 11.42 11.42 11.42 11.42
11.02 11.02 11.02 11.02 11.02 11.02 11.02 11.02 11.02 11.02
12.81 12.81 12.81 12.81 12.81 12.81 12.81 12.81 12.81 12.81
11.74 11.74 11.74 11.74 11.74 11.74 11.74 11.74 11.74 11.74
10.68 10.68 10.68 10.68 10.68 10.68 10.68 10.68 10.68 10.68
15.94 15.94 15.94 15.94 15.94 15.94 15.94 15.94 15.94 15.94
15.77 15.77 15.77 15.77 15.77 15.77 15.77 15.77 15.77 15.77
17.67 17.67 17.67 17.67 17.67 17.67 17.67 17.67 17.67 17.67
19.02 19.02 19.02 19.02 19.02 19.02 19.02 19.02 19.02 19.02
18.01 18.01 18.01 18.01 18.01 18.01 18.01 18.01 18.01 18.01
22.00 22.00 22.00 22.00 22.00 22.00 22.00 22.00 22.00 22.00
23.04 23.04 23.04 23.04 23.04 23.04 23.04 23.04 23.04 23.04
11.30 11.30 11.30 11.30 11.30 11.30 11.30 11.30 11.30 11.30
9.43 9.43 9.43 9.43 9.43 9.43 9.43 9.43 9.43 9.43
8.63 8.63 8.63 8.63 8.63 8.63 8.63 8.63 8.63 8.63
8.27 8.27 8.27 8.27 8.27 8.27 8.27 8.27 8.27 8.27
12.61 12.61 12.61 12.61 12.61 12.61 12.61 12.61 12.61 12.61
12.57 12.57 12.57 12.57 12.57 12.57 12.57 12.57 12.57 12.57
12.51 12.51 12.51 12.51 12.51 12.51 12.51 12.51 12.51 12.51
15.76 15.76 15.76 15.76 15.76 15.76 15.76 15.76 15.76 15.76
19.20 19.20 19.20 19.20 19.20 19.20 19.20 19.20 19.20 19.20
34.00 34.00 34.00 34.00 34.00 34.00 34.00 34.00 34.00 34.00
15.82 15.82 15.82 15.82 15.82 15.82 15.82 15.82 15.82 15.82
30.90 30.90 30.90 30.90 30.90 30.90 30.90 30.90 30.90 30.90
19.42 19.42 19.42 19.42 19.42 19.42 19.42 19.42 19.42 19.42
25.52 25.52 25.52 25.52 25.52 25.52 25.52 25.52 25.52 25.52
21.66 21.66 21.66 21.66 21.66 21.66 21.66 21.66 21.66 21.66
34.98 34.98 34.98 34.98 34.98 34.98 34.98 34.98 34.98 34.98
22.98 22.98 22.98 22.98 22.98 22.98 22.98 22.98 22.98 22.98
17.89 17.89 17.89 17.89 17.89 17.89 17.89 17.89 17.89 17.89
18.31 18.31 18.31 18.31 18.31 18.31 18.31 18.31 18.31 18.31
188.50 188.50 188.50 188.50 188.50 188.50 188.50 188.50 188.50 188.50
72.80 72.80 72.80 72.80 72.80 72.80 72.80 72.80 72.80 72.80
74.11 74.11 74.11 74.11 74.11 74.11 74.11 74.11 74.11 74.11
49.00 49.00 49.00 49.00 49.00 49.00 49.00 49.00 49.00 49.00
60.98 60.98 60.98 60.98 60.98 60.98 60.98 60.98 60.98 60.98
67.32 67.32 67.32 67.32 67.32 67.32 67.32 67.32 67.32 67.32
74.11 74.11 74.11 74.11 74.11 74.11 74.11 74.11 74.11 74.11
66.06 66.06 66.06 66.06 66.06 66.06 66.06 66.06 66.06 66.06
96.79 96.79 96.79 96.79 96.79 96.79 96.79 96.79 96.79 96.79
63.51 63.51 63.51 63.51 63.51 63.51 63.51 63.51 63.51 63.51
344.33 344.33 344.33 344.33 344.33 344.33 344.33 344.33 344.33 344.33 
281.01 281.01 281.01 281.01 281.01 281.01 281.01 281.01 281.01 281.01 
219.45 219.45 219.45 219.45 219.45 219.45 219.45 219.45 219.45 219.45 
156.23 156.23 156.23 156.23 156.23 156.23 156.23 156.23 156.23 156.23 
141.74 141.74 141.74 141.74 141.74 141.74 141.74 141.74 141.74 141.74 
137.61 137.61 137.61 137.61 137.61 137.61 137.61 137.61 137.61 137.61 
124.00 124.00 124.00 124.00 124.00 124.00 124.00 124.00 124.00 124.00 
119.42 119.42 119.42 119.42 119.42 119.42 119.42 119.42 119.42 119.42 
113.50 113.50 113.50 113.50 113.50 113.50 113.50 113.50 113.50 113.50 
110.67 110.67 110.67 110.67 110.67 110.67 110.67 110.67 110.67 110.67 
3519.64 3519.64 3519.64 3519.64 3519.64 3519.64 3519.64 3519.64 3519.64 3519.64 
1920.44 1920.44 1920.44 1920.44 1920.44 1920.44 1920.44 1920.44 1920.44 1920.44 
1305.07 1305.07 1305.07 1305.07 1305.07 1305.07 1305.07 1305.07 1305.07 1305.07 
913.82 913.82 913.82 913.82 913.82 913.82 913.82 913.82 913.82 913.82 
499.83 499.83 499.83 499.83 499.83 499.83 499.83 499.83 499.83 499.83 
399.93 399.93 399.93 399.93 399.93 399.93 399.93 399.93 399.93 399.93 
407.82 407.82 407.82 407.82 407.82 407.82 407.82 407.82 407.82 407.82 
440.11 440.11 440.11 440.11 440.11 440.11 440.11 440.11 440.11 440.11 
426.49 426.49 426.49 426.49 426.49 426.49 426.49 426.49 426.49 426.49 
347.86 347.86 347.86 347.86 347.86 347.86 347.86 347.86 347.86 347.86 
2161.69 2161.69 2161.69 2161.69 2161.69 2161.69 2161.69 2161.69 2161.69 2161.69 
2060.79 2060.79 2060.79 2060.79 2060.79 2060.79 2060.79 2060.79 2060.79 2060.79 
2058.69 2058.69 2058.69 2058.69 2058.69 2058.69 2058.69 2058.69 2058.69 2058.69 
1911.31 1911.31 1911.31 1911.31 1911.31 1911.31 1911.31 1911.31 1911.31 1911.31 
2004.90 2004.90 2004.90 2004.90 2004.90 2004.90 2004.90 2004.90 2004.90 2004.90 
1143.41 1143.41 1143.41 1143.41 1143.41 1143.41 1143.41 1143.41 1143.41 1143.41 
1454.06 1454.06 1454.06 1454.06 1454.06 1454.06 1454.06 1454.06 1454.06 1454.06 
1321.74 1321.74 1321.74 1321.74 1321.74 1321.74 1321.74 1321.74 1321.74 1321.74 
989.70 989.70 989.70 989.70 989.70 989.70 989.70 989.70 989.70 989.70 
880.52 880.52 880.52 880.52 880.52 880.52 880.52 880.52 880.52 880.52 
4528.08 4528.08 4528.08 4528.08 4528.08 4528.08 4528.08 4528.08 4528.08 4528.08 
4035.73 4035.73 4035.73 4035.73 4035.73 4035.73 4035.73 4035.73 4035.73 4035.73 
3736.06 3736.06 3736.06 3736.06 3736.06 3736.06 3736.06 3736.06 3736.06 3736.06 
2185.56 2185.56 2185.56 2185.56 2185.56 2185.56 2185.56 2185.56 2185.56 2185.56 
1805.85 1805.85 1805.85 1805.85 1805.85 1805.85 1805.85 1805.85 1805.85 1805.85 
1450.48 1450.48 1450.48 1450.48 1450.48 1450.48 1450.48 1450.48 1450.48 1450.48 
1330.74 1330.74 1330.74 1330.74 1330.74 1330.74 1330.74 1330.74 1330.74 1330.74 
1272.68 1272.68 1272.68 1272.68 1272.68 1272.68 1272.68 1272.68 1272.68 1272.68 
1450.09 1450.09 1450.09 1450.09 1450.09 1450.09 1450.09 1450.09 1450.09 1450.09 
1477.56 1477.56 1477.56 1477.56 1477.56 1477.56 1477.56 1477.56 1477.56 1477.56 
